      1600.00  -3.9733476e-16   5.3458669e-16
      1605.00   4.8930106e-17   3.8372326e-16
      1610.00  -1.9294601e-16   2.9356748e-16
      1615.00  -1.2955822e-16   2.3763486e-16
      1620.00   2.2466083e-16   1.8312045e-16
      1625.00   3.9093358e-16   1.5023585e-16
      1630.00   2.7715413e-16   1.3029349e-16
      1635.00  -1.5462289e-18   1.1278348e-16
      1640.00   3.7843864e-17   9.4445213e-17
      1645.00  -7.2820091e-17   8.2259353e-17
      1650.00  -8.0492535e-17   7.7330965e-17
      1655.00   9.3447851e-17   7.3793669e-17
      1660.00   2.0673038e-17   6.7188877e-17
      1665.00   7.2554333e-19   5.8706490e-17
      1670.00   6.3714480e-17   5.6513238e-17
      1675.00   3.3470682e-17   5.5349199e-17
      1680.00   5.0609027e-17   5.1654736e-17
      1685.00   1.0723453e-16   4.8368076e-17
      1690.00   7.3829562e-17   4.5560685e-17
      1695.00  -6.7203700e-17   4.3373950e-17
      1700.00  -4.5984367e-17   4.2102663e-17
      1705.00   7.2285712e-17   4.0559719e-17
      1710.00   2.6800008e-17   3.8523892e-17
      1715.00  -1.6545867e-17   3.7367672e-17
      1720.00   7.6762381e-17   3.7803967e-17
      1725.00   1.1229408e-16   3.5543213e-17
      1730.00   4.7186654e-17   3.3036988e-17
      1735.00  -1.0689062e-18   3.2715086e-17
      1740.00   1.6240915e-17   3.3085848e-17
      1745.00   3.4482801e-17   3.0580927e-17
      1750.00   1.4722690e-17   2.8587177e-17
      1755.00   5.3587410e-17   2.9450541e-17
      1760.00   3.6802821e-17   2.9121161e-17
      1765.00  -2.6552837e-18   2.7664185e-17
      1770.00   9.9619768e-18   2.5563454e-17
      1775.00   1.0130575e-17   2.5184523e-17
      1780.00  -2.3460579e-17   2.5288630e-17
      1785.00  -3.4377702e-17   2.4115526e-17
      1790.00  -5.0106366e-17   2.2654900e-17
      1795.00  -4.8897204e-17   2.1902742e-17
      1800.00  -2.5518565e-17   2.2269012e-17
      1805.00  -3.7562497e-17   2.2029194e-17
      1810.00  -2.6401117e-17   2.0552168e-17
      1815.00   2.4880567e-17   2.0263793e-17
      1820.00   1.9666226e-17   2.0474803e-17
      1825.00  -2.1867260e-18   2.0299196e-17
      1830.00   3.2580159e-18   1.9196574e-17
      1835.00  -6.9671504e-18   1.8237417e-17
      1840.00   1.3356040e-17   1.8714597e-17
      1845.00   3.4189638e-17   1.9015193e-17
      1850.00   5.3999158e-17   1.8753348e-17
      1855.00   5.8069879e-17   1.7512424e-17
      1860.00   5.6417979e-17   1.7404593e-17
      1865.00   2.7188141e-17   1.7608248e-17
      1870.00   1.1138544e-17   1.6876867e-17
      1875.00   1.8645020e-17   1.6107624e-17
      1880.00   2.4809516e-17   1.5843908e-17
      1885.00   4.7445608e-17   1.6214161e-17
      1890.00   3.7683189e-17   1.6230562e-17
      1895.00   1.2886528e-17   1.5131904e-17
      1900.00   1.7322585e-17   1.4607743e-17
      1905.00   3.6176430e-17   1.5097849e-17
      1910.00   4.2233959e-17   1.5303912e-17
      1915.00   2.3547804e-17   1.4200759e-17
      1920.00   2.9039320e-17   1.3642730e-17
      1925.00   5.7655422e-17   1.4310797e-17
      1930.00   6.5679735e-17   1.4592923e-17
      1935.00   4.8380993e-17   1.4034358e-17
      1940.00   3.2785406e-17   1.2908049e-17
      1945.00   2.9247975e-17   1.2946474e-17
      1950.00   1.8847138e-17   1.3299857e-17
      1955.00   4.8166697e-17   1.3156431e-17
      1960.00   5.8403921e-17   1.2741059e-17
      1965.00   2.7448778e-17   1.2205098e-17
      1970.00   2.8230711e-17   1.2353734e-17
      1975.00   5.1298367e-17   1.2702607e-17
      1980.00   5.2273649e-17   1.2006714e-17
      1985.00   5.6226656e-17   1.1626617e-17
      1990.00   7.7096833e-17   1.2062098e-17
      1995.00   7.9850325e-17   1.2215019e-17
      2000.00   8.2904534e-17   1.1552455e-17
      2005.00   6.3927727e-17   1.0968301e-17
      2010.00   6.8157320e-17   1.1364320e-17
      2015.00   9.3839333e-17   1.1692208e-17
      2020.00   8.9108435e-17   1.1359372e-17
      2025.00   7.5718413e-17   1.0493581e-17
      2030.00   6.1437523e-17   1.0376648e-17
      2035.00   6.8771340e-17   1.0791995e-17
      2040.00   8.6021503e-17   1.0622158e-17
      2045.00   7.7579959e-17   1.0085882e-17
      2050.00   4.2591010e-17   9.5588884e-18
      2055.00   2.9371708e-17   9.5594269e-18
      2060.00   3.6801696e-17   9.6863867e-18
      2065.00   3.5831360e-17   9.1161309e-18
      2070.00   3.4762143e-17   8.8222915e-18
      2075.00   3.8344196e-17   9.1290630e-18
      2080.00   3.2716522e-17   9.1695816e-18
      2085.00   2.0025760e-17   8.7374724e-18
      2090.00   1.9531428e-17   8.1433557e-18
      2095.00   2.0014449e-17   8.1624289e-18
      2100.00   3.3919190e-17   8.5671675e-18
      2105.00   3.9872726e-17   8.4309888e-18
      2110.00   2.8981543e-17   7.9548437e-18
      2115.00   1.9942620e-17   7.6722425e-18
      2120.00   1.8710749e-17   7.7916658e-18
      2125.00   2.0744717e-17   7.9119536e-18
      2130.00   1.8729576e-17   7.4259503e-18
      2135.00   2.4616101e-17   7.2368733e-18
      2140.00   1.4719552e-17   7.3512939e-18
      2145.00   1.4822364e-17   7.4704575e-18
      2150.00   2.3057756e-17   7.1589976e-18
      2155.00   2.2552442e-17   6.9105497e-18
      2160.00   2.6037151e-17   7.1650633e-18
      2165.00   2.2738108e-17   7.2242886e-18
      2170.00   2.0209794e-17   6.9931197e-18
      2175.00   1.9326008e-17   6.6831164e-18
      2180.00   1.6561008e-17   6.5660538e-18
      2185.00   1.1229328e-17   6.5622294e-18
      2190.00   1.0849370e-17   6.6524450e-18
      2195.00   1.0216219e-17   6.3348846e-18
      2200.00   1.4063367e-17   6.1888462e-18
      2205.00   2.8065451e-17   6.5477888e-18
      2210.00   1.8532249e-17   6.4995808e-18
      2215.00   1.6966910e-17   6.0854371e-18
      2220.00   2.2136991e-17   5.9619427e-18
      2225.00   1.7039275e-17   6.1315462e-18
      2230.00   1.5766559e-17   6.1681638e-18
      2235.00   2.6083476e-17   6.1521116e-18
      2240.00   2.1646519e-17   5.7649426e-18
      2245.00   2.3997932e-17   5.8555437e-18
      2250.00   2.3504413e-17   6.0933350e-18
      2255.00   9.0739182e-18   5.7692489e-18
      2260.00   1.2644925e-17   5.6328047e-18
      2265.00   1.3127983e-17   5.5795954e-18
      2270.00   1.3313102e-17   5.6782268e-18
      2275.00   1.1534147e-17   5.7629160e-18
      2280.00   2.2224871e-17   5.5973033e-18
      2285.00   2.3202178e-17   5.4611390e-18
      2290.00   2.2858304e-17   5.6637805e-18
      2295.00   3.3852310e-17   5.9091244e-18
      2300.00   4.0598954e-17   5.8599509e-18
      2305.00   4.0214100e-17   5.5914026e-18
      2310.00   3.1126790e-17   5.4597275e-18
      2315.00   3.9721289e-17   5.6922827e-18
      2320.00   5.5956148e-17   5.9486851e-18
      2325.00   5.9262256e-17   5.6863630e-18
      2330.00   6.9862503e-17   5.6699074e-18
      2335.00   6.7994796e-17   5.8969379e-18
      2340.00   6.8603839e-17   6.0006647e-18
      2345.00   6.5546771e-17   5.6726053e-18
      2350.00   5.6573668e-17   5.4580743e-18
      2355.00   5.2307831e-17   5.6662972e-18
      2360.00   5.7692929e-17   5.7972238e-18
      2365.00   7.4891933e-17   5.8253078e-18
      2370.00   7.2809860e-17   5.5994002e-18
      2375.00   6.2300266e-17   5.4518986e-18
      2380.00   5.3107510e-17   5.5059991e-18
      2385.00   5.3801217e-17   5.5992522e-18
      2390.00   6.3553603e-17   5.4186451e-18
      2395.00   6.2334180e-17   5.2780087e-18
      2400.00   6.5106645e-17   5.5202887e-18
      2405.00   6.1275144e-17   5.6041048e-18
      2410.00   5.3747513e-17   5.3389161e-18
      2415.00   6.0612844e-17   5.1663004e-18
      2420.00   4.9958394e-17   5.1333001e-18
      2425.00   4.2017136e-17   5.2730986e-18
      2430.00   5.0987155e-17   5.2438639e-18
      2435.00   4.7790671e-17   5.0887365e-18
      2440.00   4.9186075e-17   5.0498103e-18
      2445.00   5.8581176e-17   5.2492398e-18
      2450.00   5.8789407e-17   5.3605473e-18
      2455.00   4.9532234e-17   4.9931550e-18
      2460.00   4.5881545e-17   4.8744364e-18
      2465.00   4.5147342e-17   5.0470574e-18
      2470.00   4.6045111e-17   5.2040269e-18
      2475.00   4.9545617e-17   5.1848686e-18
      2480.00   5.9903500e-17   4.9356701e-18
      2485.00   6.4207500e-17   5.0543337e-18
      2490.00   6.3548409e-17   5.3054860e-18
      2495.00   7.4777802e-17   5.3143434e-18
      2500.00   8.3715390e-17   5.2527991e-18
      2505.00   9.4601331e-17   5.3270560e-18
      2510.00   1.0345005e-16   5.5245611e-18
      2515.00   1.1295625e-16   5.7646928e-18
      2520.00   1.1822077e-16   5.5692267e-18
      2525.00   1.2051512e-16   5.4486701e-18
      2530.00   1.1713878e-16   5.6591950e-18
      2535.00   1.0908954e-16   5.6463642e-18
      2540.00   1.1026458e-16   5.5612072e-18
      2545.00   1.1340416e-16   5.4470753e-18
      2550.00   1.1569882e-16   5.4339037e-18
      2555.00   1.1129412e-16   5.5254387e-18
      2560.00   1.0290965e-16   5.5828645e-18
      2565.00   1.0965815e-16   5.3900809e-18
      2570.00   1.1480626e-16   5.3143269e-18
      2575.00   1.0524685e-16   5.4678942e-18
      2580.00   8.4984814e-17   5.4131853e-18
      2585.00   7.9153753e-17   5.2777515e-18
      2590.00   6.9096408e-17   4.8879000e-18
      2595.00   5.1201649e-17   4.7930282e-18
      2600.00   5.1447792e-17   5.0445233e-18
      2605.00   5.1698669e-17   4.9590582e-18
      2610.00   5.2410326e-17   4.8223401e-18
      2615.00   6.2478957e-17   4.9101797e-18
      2620.00   6.8195906e-17   5.0824644e-18
      2625.00   6.7567196e-17   5.1729642e-18
      2630.00   6.6950503e-17   5.0464407e-18
      2635.00   7.7400759e-17   4.9656041e-18
      2640.00   9.0896548e-17   5.2383706e-18
      2645.00   1.0453187e-16   5.5467903e-18
      2650.00   1.0827313e-16   5.4764005e-18
      2655.00   1.0906155e-16   5.3471358e-18
      2660.00   1.2200264e-16   5.4566359e-18
      2665.00   1.4038049e-16   5.7748208e-18
      2670.00   1.6214238e-16   6.0964009e-18
      2675.00   1.7662046e-16   5.9156525e-18
      2680.00   1.8805530e-16   5.8932727e-18
      2685.00   2.0229905e-16   6.2983505e-18
      2690.00   2.1024571e-16   6.5155420e-18
      2695.00   2.2803024e-16   6.5618513e-18
      2700.00   2.4922550e-16   6.5117962e-18
      2705.00   2.7502588e-16   6.7128081e-18
      2710.00   2.9411152e-16   7.0442883e-18
      2715.00   3.0901599e-16   7.2928594e-18
      2720.00   3.4710796e-16   7.2124525e-18
      2725.00   3.7790587e-16   7.2828315e-18
      2730.00   3.9165657e-16   7.7299176e-18
      2735.00   3.9182966e-16   7.9221155e-18
      2740.00   4.0580517e-16   7.8998354e-18
      2745.00   4.3599782e-16   7.7041733e-18
      2750.00   4.5657373e-16   8.0066906e-18
      2755.00   4.5084594e-16   8.3773478e-18
      2760.00   4.6877752e-16   8.5070935e-18
      2765.00   4.8519344e-16   8.2376485e-18
      2770.00   4.7651898e-16   8.0710304e-18
      2775.00   5.0211674e-16   8.6256417e-18
      2780.00   5.1189923e-16   8.9014370e-18
      2785.00   5.0274725e-16   8.7310419e-18
      2790.00   4.6270196e-16   8.1059738e-18
      2795.00   4.2991618e-16   8.0964281e-18
      2800.00   4.1500874e-16   8.4247799e-18
      2805.00   4.4626630e-16   8.4638014e-18
      2810.00   4.4764241e-16   8.2614879e-18
      2815.00   4.0979525e-16   8.0806372e-18
      2820.00   4.6243001e-16   8.6375631e-18
      2825.00   5.5226421e-16   9.4100538e-18
      2830.00   5.8470833e-16   9.3994601e-18
      2835.00   5.7884130e-16   9.0549559e-18
      2840.00   6.0079422e-16   9.5209415e-18
      2845.00   6.2369169e-16   1.0041413e-17
      2850.00   6.0410157e-16   9.7379862e-18
      2855.00   6.2886272e-16   9.7190852e-18
      2860.00   6.8789928e-16   1.0125132e-17
      2865.00   6.9874935e-16   1.0476644e-17
      2870.00   7.1910932e-16   1.0902731e-17
      2875.00   7.9092162e-16   1.1074434e-17
      2880.00   8.5491559e-16   1.1046180e-17
      2885.00   9.2517428e-16   1.1836860e-17
      2890.00   9.9123978e-16   1.2651482e-17
      2895.00   1.0367264e-15   1.2643245e-17
      2900.00   1.1467712e-15   1.2928623e-17
      2905.00   1.2483596e-15   1.3511733e-17
      2910.00   1.3052211e-15   1.4206238e-17
      2915.00   1.3627562e-15   1.4848852e-17
      2920.00   1.3865654e-15   1.4379044e-17
      2925.00   1.4048419e-15   1.4283940e-17
      2930.00   1.4347367e-15   1.5333727e-17
      2935.00   1.4390482e-15   1.5683650e-17
      2940.00   1.4227448e-15   1.5328669e-17
      2945.00   1.4248501e-15   1.5049640e-17
      2950.00   1.4303314e-15   1.5239347e-17
      2955.00   1.4223239e-15   1.5788100e-17
      2960.00   1.3954925e-15   1.6077304e-17
      2965.00   1.3765563e-15   1.5315702e-17
      2970.00   1.3901303e-15   1.5208118e-17
      2975.00   1.3689919e-15   1.6086117e-17
      2980.00   1.3526430e-15   1.6389035e-17
      2985.00   1.3082322e-15   1.5994760e-17
      2990.00   1.2268713e-15   1.5397714e-17
      2995.00   1.1754040e-15   1.5267226e-17
      3000.00   1.1341527e-15   1.5676323e-17
      3005.00   1.1442402e-15   1.6277631e-17
      3010.00   1.1378548e-15   1.5890717e-17
      3015.00   1.1147846e-15   1.5453014e-17
      3020.00   1.1044413e-15   1.6078654e-17
      3025.00   1.0837553e-15   1.6567940e-17
      3030.00   1.0794020e-15   1.6482737e-17
      3035.00   1.0939526e-15   1.6370351e-17
      3040.00   1.0899800e-15   1.6638854e-17
      3045.00   1.0881357e-15   1.7277278e-17
      3050.00   1.1476022e-15   1.8038347e-17
      3055.00   1.1489614e-15   1.7831398e-17
      3060.00   1.1112394e-15   1.7422528e-17
      3065.00   1.0857222e-15   1.8119137e-17
      3070.00   1.0783004e-15   1.8677234e-17
      3075.00   1.0789813e-15   1.8598800e-17
      3080.00   1.0779272e-15   1.8483946e-17
      3085.00   1.1006888e-15   1.9269503e-17
      3090.00   1.1188113e-15   2.0265190e-17
      3095.00   1.1417046e-15   2.0901076e-17
      3100.00   1.1502350e-15   2.0896842e-17
      3105.00   1.2071389e-15   2.0568731e-17
      3110.00   1.2622043e-15   2.1582067e-17
      3115.00   1.2668125e-15   2.3396843e-17
      3120.00   1.3141228e-15   2.4022620e-17
      3125.00   1.3230078e-15   2.3178284e-17
      3130.00   1.3683064e-15   2.3545582e-17
      3135.00   1.4480984e-15   2.5161650e-17
      3140.00   1.3061571e-15   2.5436343e-17
      3145.00  -9.3727347e-18   8.6259661e-19
      3150.00  -9.8980200e-18   8.6279513e-19
      3155.00   1.4280059e-15   5.1977383e-17
      3160.00   1.4350886e-15   6.2897848e-17
      3165.00   1.4165700e-15   6.0478291e-17
      3170.00   1.5404803e-15   5.6932062e-17
      3175.00   1.7162855e-15   5.9258187e-17
      3180.00   1.7046284e-15   5.2071364e-17
      3185.00   1.7027822e-15   5.3157396e-17
      3190.00   1.7057116e-15   4.9550468e-17
      3195.00   1.7326456e-15   5.5309412e-17
      3200.00   1.7273585e-15   5.4628202e-17
      3205.00   1.7017411e-15   4.5801881e-17
      3210.00   1.7372691e-15   5.1731932e-17
      3215.00   1.7317237e-15   5.1587542e-17
      3220.00   1.6329420e-15   4.4870250e-17
      3225.00   1.5230959e-15   5.2914949e-17
      3230.00   1.4629373e-15   5.2532421e-17
      3235.00   1.3948236e-15   4.6779290e-17
      3240.00   1.2392229e-15   4.9048892e-17
      3245.00   1.2577542e-15   4.3338305e-17
      3250.00   1.2943922e-15   4.0305004e-17
      3255.00   1.2758265e-15   5.0276372e-17
      3260.00   1.1527826e-15   4.7493038e-17
      3265.00   1.1607368e-15   3.9766043e-17
      3270.00   1.2349809e-15   4.4119716e-17
      3275.00   1.3240194e-15   4.2529134e-17
      3280.00   1.3463468e-15   4.5462760e-17
      3285.00   1.2436909e-15   4.6192631e-17
      3290.00   1.2009121e-15   3.9522984e-17
      3295.00   1.1984208e-15   3.9890163e-17
      3300.00   1.2079342e-15   3.9403797e-17
      3305.00   1.2021327e-15   3.8208061e-17
      3310.00   1.1818429e-15   4.5442348e-17
      3315.00   1.2740132e-15   4.7905609e-17
      3320.00   1.2805970e-15   4.1765550e-17
      3325.00   1.2811795e-15   4.0882565e-17
      3330.00   1.3488099e-15   3.8461116e-17
      3335.00   1.3544489e-15   4.2393367e-17
      3340.00   1.3423202e-15   4.2185192e-17
      3345.00   1.3248807e-15   3.7785723e-17
      3350.00   1.4559952e-15   4.3749411e-17
      3355.00   1.6161295e-15   4.6699759e-17
      3360.00   1.5281544e-15   4.0730410e-17
      3365.00   1.5356115e-15   4.3450401e-17
      3370.00   1.5331722e-15   4.3334967e-17
      3375.00   1.4987860e-15   3.7817566e-17
      3380.00   1.5211117e-15   3.7655922e-17
      3385.00   1.5722551e-15   3.8992526e-17
      3390.00   1.5580208e-15   5.5036462e-17
      3395.00   1.6202776e-15   6.5464980e-17
      3400.00   1.7854402e-15   4.5404430e-17
      3405.00   1.8949929e-15   4.2172377e-17
      3410.00   1.9348414e-15   4.2381141e-17
      3415.00   2.0487620e-15   4.1067135e-17
      3420.00   2.1158985e-15   4.8816044e-17
      3425.00   2.1164149e-15   4.7572444e-17
      3430.00   2.1590510e-15   3.9134322e-17
      3435.00   2.2698630e-15   4.3689959e-17
      3440.00   2.2626401e-15   4.1544961e-17
      3445.00   2.1910377e-15   4.3016098e-17
      3450.00   2.1950224e-15   4.7667666e-17
      3455.00   2.2248301e-15   4.1181097e-17
      3460.00   2.2021838e-15   3.7905211e-17
      3465.00   2.2212192e-15   3.7016547e-17
      3470.00   2.2951533e-15   3.7232809e-17
      3475.00   2.3120567e-15   4.3436025e-17
      3480.00   2.3412139e-15   4.3046152e-17
      3485.00   2.3494111e-15   3.6722548e-17
      3490.00   2.2861292e-15   4.0184193e-17
      3495.00   2.3796292e-15   4.1190153e-17
      3500.00   2.5068832e-15   3.8130366e-17
      3505.00   2.5213960e-15   4.4546644e-17
      3510.00   2.6406566e-15   4.4374719e-17
      3515.00   2.7915775e-15   3.8644330e-17
      3520.00   2.9575989e-15   4.0950377e-17
      3525.00   3.1384673e-15   4.3692094e-17
      3530.00   3.3321465e-15   5.0567119e-17
      3535.00   3.6937650e-15   5.2896112e-17
      3540.00   3.6914772e-15   4.4791347e-17
      3545.00   3.7139460e-15   4.3087504e-17
      3550.00   3.8130548e-15   4.3860018e-17
      3555.00   3.9076853e-15   4.4109462e-17
      3560.00   4.0638430e-15   5.1212280e-17
      3565.00   4.2514790e-15   5.2158142e-17
      3570.00   4.2569420e-15   4.4971186e-17
      3575.00   4.2935571e-15   4.5665396e-17
      3580.00   4.4727452e-15   4.7016900e-17
      3585.00   4.4952991e-15   5.3435229e-17
      3590.00   4.4117317e-15   5.5190172e-17
      3595.00   4.4963927e-15   4.9192325e-17
      3600.00   4.5828879e-15   4.9101262e-17
      3605.00   4.6042945e-15   4.9144600e-17
      3610.00   4.5852066e-15   5.0098803e-17
      3615.00   4.4875844e-15   5.9934324e-17
      3620.00   4.3893772e-15   6.0456176e-17
      3625.00   4.3217472e-15   4.7660827e-17
      3630.00   4.1452768e-15   4.6109949e-17
      3635.00   3.9922285e-15   4.5459474e-17
      3640.00   3.9071089e-15   5.1509304e-17
      3645.00   3.6649049e-15   5.1786807e-17
      3650.00   3.6027826e-15   4.3934130e-17
      3655.00   3.6080673e-15   4.9640892e-17
      3660.00   3.6587512e-15   4.9938670e-17
      3665.00   3.6539278e-15   4.4989043e-17
      3670.00   3.7210454e-15   5.0202372e-17
      3675.00   3.9115706e-15   5.6901728e-17
      3680.00   3.8191369e-15   4.9308408e-17
      3685.00   3.8233132e-15   4.3355967e-17
      3690.00   3.9106080e-15   4.2961720e-17
      3695.00   3.8211456e-15   4.9606918e-17
      3700.00   4.5172682e-15   5.8066921e-17
      3705.00   3.9705322e-15   4.5152279e-17
      3710.00   3.2958073e-15   3.7350467e-17
      3715.00   3.0452414e-15   3.5111312e-17
      3720.00   2.7779619e-15   3.3912039e-17
      3725.00   2.5966111e-15   3.8261554e-17
      3730.00   2.3993968e-15   3.6663133e-17
      3735.00   2.3582653e-15   3.1559591e-17
      3740.00   2.2680169e-15   3.0758589e-17
      3745.00   2.1253058e-15   2.9830859e-17
      3750.00   2.0396202e-15   3.3939287e-17
      3755.00   2.0528081e-15   3.6266228e-17
      3760.00   2.0560575e-15   3.2810678e-17
      3765.00   2.1000282e-15   3.1337493e-17
      3770.00   2.1710117e-15   2.9497403e-17
      3775.00   2.2277276e-15   2.9133642e-17
      3780.00   2.3035758e-15   3.5061592e-17
      3785.00   2.4220035e-15   3.6002553e-17
      3790.00   2.3899683e-15   3.1400375e-17
      3795.00   2.4333817e-15   3.1640840e-17
      3800.00   2.5913904e-15   3.0554798e-17
      3805.00   2.6808404e-15   3.4993876e-17
      3810.00   2.7223616e-15   3.5221122e-17
      3815.00   2.7590389e-15   3.2580219e-17
      3820.00   2.9037361e-15   3.3978105e-17
      3825.00   3.0689147e-15   3.2058837e-17
      3830.00   3.3183568e-15   3.2490649e-17
      3835.00   3.5178985e-15   3.8982425e-17
      3840.00   3.6676929e-15   3.8900607e-17
      3845.00   3.8702884e-15   3.3835763e-17
      3850.00   4.1474087e-15   3.6835683e-17
      3855.00   4.5787853e-15   3.8083630e-17
      3860.00   4.8244379e-15   4.2070740e-17
      3865.00   5.1807368e-15   4.3424458e-17
      3870.00   5.4962918e-15   4.0704248e-17
      3875.00   6.0062501e-15   4.2720074e-17
      3880.00   6.4378015e-15   4.2485757e-17
      3885.00   6.9296689e-15   4.5000402e-17
      3890.00   7.2467353e-15   5.6171844e-17
      3895.00   7.7763046e-15   6.1622726e-17
      3900.00   8.1204100e-15   5.3170664e-17
      3905.00   8.7418832e-15   5.1764840e-17
      3910.00   9.1266326e-15   4.9896944e-17
      3915.00   9.3771155e-15   5.6835725e-17
      3920.00   9.5860946e-15   5.7671621e-17
      3925.00   9.6142822e-15   5.0869335e-17
      3930.00   9.7717981e-15   5.0674692e-17
      3935.00   9.9504416e-15   5.3088346e-17
      3940.00   1.0192459e-14   5.5941179e-17
      3945.00   1.0350645e-14   6.4764106e-17
      3950.00   1.0447450e-14   6.1136873e-17
      3955.00   1.0453143e-14   5.2232614e-17
      3960.00   1.0539627e-14   5.4240638e-17
      3965.00   1.0749018e-14   5.5905882e-17
      3970.00   1.0908890e-14   5.4519183e-17
      3975.00   1.1076862e-14   5.9754270e-17
      3980.00   1.0893285e-14   5.7926188e-17
      3985.00   1.0528744e-14   5.3268837e-17
      3990.00   9.8891402e-15   5.5916417e-17
      3995.00   9.4439862e-15   5.1085067e-17
      4000.00   9.3251475e-15   5.4202475e-17
      4005.00   9.0465618e-15   5.2843474e-17
      4010.00   8.7385526e-15   4.7105282e-17
      4015.00   8.1991849e-15   4.7696564e-17
      4020.00   7.7957431e-15   4.4434429e-17
      4025.00   7.4992994e-15   4.4963467e-17
      4030.00   7.1956753e-15   5.5761125e-17
      4035.00   6.9138603e-15   5.1950979e-17
      4040.00   6.8641551e-15   4.3110682e-17
      4045.00   6.8754545e-15   4.2736333e-17
      4050.00   6.8467960e-15   4.3555129e-17
      4055.00   6.8961683e-15   4.7994078e-17
      4060.00   6.9969508e-15   4.6593482e-17
      4065.00   7.0818536e-15   4.4231693e-17
      4070.00   7.2864756e-15   4.5380783e-17
      4075.00   7.4031586e-15   4.4391445e-17
      4080.00   7.5503509e-15   4.2535238e-17
      4085.00   7.5952115e-15   4.9333406e-17
      4090.00   7.5439651e-15   5.1765486e-17
      4095.00   7.5038302e-15   4.1742048e-17
      4100.00   7.3645762e-15   4.3238878e-17
      4105.00   7.2190678e-15   4.6227051e-17
      4110.00   7.2650092e-15   5.1347111e-17
      4115.00   7.3655283e-15   4.7313626e-17
      4120.00   7.3294599e-15   3.9878768e-17
      4125.00   7.3020923e-15   4.0165869e-17
      4130.00   7.2569472e-15   4.0881446e-17
      4135.00   7.3017340e-15   4.1077432e-17
      4140.00   7.3488900e-15   4.8331081e-17
      4145.00   7.2610155e-15   4.9702887e-17
      4150.00   7.2297108e-15   4.3025763e-17
      4155.00   7.4235407e-15   4.0150854e-17
      4160.00   7.5288591e-15   3.7308364e-17
      4165.00   7.4687435e-15   4.4487825e-17
      4170.00   7.6856229e-15   4.4895704e-17
      4175.00   7.9085289e-15   4.2356928e-17
      4180.00   8.0146207e-15   4.7644002e-17
      4185.00   8.0272669e-15   4.4671995e-17
      4190.00   8.2201829e-15   4.3774464e-17
      4195.00   8.2729378e-15   5.2733767e-17
      4200.00   8.2358885e-15   5.3078049e-17
      4205.00   8.3544816e-15   4.6117751e-17
      4210.00   8.4339833e-15   4.9498478e-17
      4215.00   8.2502195e-15   4.8431845e-17
      4220.00   8.2108138e-15   5.2540928e-17
      4225.00   8.1033575e-15   5.1747741e-17
      4230.00   8.0683082e-15   4.2360449e-17
      4235.00   8.0513158e-15   4.2522318e-17
      4240.00   8.1211257e-15   4.1364722e-17
      4245.00   8.2871527e-15   3.8232215e-17
      4250.00   8.3142162e-15   4.5140120e-17
      4255.00   8.2042849e-15   4.5025869e-17
      4260.00   8.1027900e-15   4.0625546e-17
      4265.00   8.0890935e-15   4.1163555e-17
      4270.00   8.0296072e-15   4.1475038e-17
      4275.00   7.8173806e-15   5.2212352e-17
      4280.00   7.5906536e-15   5.1065429e-17
      4285.00   7.5849149e-15   4.2183108e-17
      4290.00   7.5551341e-15   4.2136574e-17
      4295.00   7.5716453e-15   4.0697759e-17
      4300.00   7.6183041e-15   3.8505350e-17
      4305.00   7.5975383e-15   4.4920023e-17
      4310.00   7.6079585e-15   4.5505902e-17
      4315.00   7.5634359e-15   4.1323723e-17
      4320.00   7.4718479e-15   4.4715839e-17
      4325.00   7.3364522e-15   4.3978814e-17
      4330.00   7.1967367e-15   4.2302807e-17
      4335.00   7.1170605e-15   4.7469748e-17
      4340.00   7.0250253e-15   4.8760507e-17
      4345.00   7.0181999e-15   3.8373630e-17
      4350.00   6.8135356e-15   3.5896330e-17
      4355.00   6.4739342e-15   3.6238796e-17
      4360.00   6.2544494e-15   4.2340169e-17
      4365.00   5.9525223e-15   4.0600374e-17
      4370.00   5.8517055e-15   3.2147819e-17
      4375.00   5.5878192e-15   3.0601524e-17
      4380.00   5.3395737e-15   3.1597105e-17
      4385.00   5.0736753e-15   3.3656222e-17
      4390.00   4.9774654e-15   3.6936576e-17
      4395.00   4.9339313e-15   3.2999418e-17
      4400.00   4.7912868e-15   2.8907871e-17
      4405.00   4.5875309e-15   2.9816116e-17
      4410.00   4.5084349e-15   2.9531089e-17
      4415.00   4.5145962e-15   3.2578135e-17
      4420.00   4.3420078e-15   3.3777398e-17
      4425.00   4.2301503e-15   3.0770189e-17
      4430.00   4.2328824e-15   2.9837834e-17
      4435.00   4.2806801e-15   2.8655773e-17
      4440.00   4.3334752e-15   3.0221338e-17
      4445.00   4.4401780e-15   3.5167273e-17
      4450.00   4.5884461e-15   3.1531427e-17
      4455.00   4.6628054e-15   2.7472799e-17
      4460.00   4.7950870e-15   2.8747994e-17
      4465.00   5.0234026e-15   2.9392751e-17
      4470.00   5.2076149e-15   3.3687814e-17
      4475.00   5.4731894e-15   3.4138197e-17
      4480.00   5.6095011e-15   3.1260442e-17
      4485.00   5.8327078e-15   3.3706564e-17
      4490.00   6.0503407e-15   3.3432228e-17
      4495.00   6.2719927e-15   3.3734308e-17
      4500.00   6.5394785e-15   4.0528574e-17
      4505.00   6.7662703e-15   4.2031902e-17
      4510.00   6.8224480e-15   3.6608863e-17
      4515.00   6.9046132e-15   3.8298231e-17
      4520.00   7.2515448e-15   3.6870428e-17
      4525.00   7.6016963e-15   3.9626680e-17
      4530.00   7.7648950e-15   4.6421548e-17
      4535.00   7.8150877e-15   4.3537053e-17
      4540.00   8.2132152e-15   4.2161972e-17
      4545.00   8.6223981e-15   4.3693228e-17
      4550.00   9.1084587e-15   4.7357708e-17
      4555.00   9.6181896e-15   5.5115918e-17
      4560.00   1.0227245e-14   4.9174365e-17
      4565.00   1.0411110e-14   4.4535146e-17
      4570.00   1.0833903e-14   4.4646111e-17
      4575.00   1.1215831e-14   4.3880747e-17
      4580.00   1.1491123e-14   4.8413849e-17
      4585.00   1.1612579e-14   5.8025244e-17
      4590.00   1.1867826e-14   6.0645521e-17
      4595.00   1.2045488e-14   5.0588364e-17
      4600.00   1.2167287e-14   5.1054104e-17
      4605.00   1.2176594e-14   5.5062657e-17
      4610.00   1.2194007e-14   6.4336354e-17
      4615.00   1.2510708e-14   6.2888047e-17
      4620.00   1.2656556e-14   5.2901539e-17
      4625.00   1.2747782e-14   5.3336149e-17
      4630.00   1.2891715e-14   5.5739652e-17
      4635.00   1.3053047e-14   5.3245441e-17
      4640.00   1.3317673e-14   6.3847219e-17
      4645.00   1.3150176e-14   6.7818103e-17
      4650.00   1.2764447e-14   5.2669465e-17
      4655.00   1.2444798e-14   5.2997061e-17
      4660.00   1.2014320e-14   5.5475348e-17
      4665.00   1.1945775e-14   6.6076107e-17
      4670.00   1.1722839e-14   6.1257019e-17
      4675.00   1.1240921e-14   4.9338326e-17
      4680.00   1.0683994e-14   4.8897207e-17
      4685.00   1.0468509e-14   4.5355719e-17
      4690.00   9.9502866e-15   4.4917502e-17
      4695.00   9.2251680e-15   5.0595075e-17
      4700.00   8.9875549e-15   4.8036294e-17
      4705.00   8.6875146e-15   4.4942533e-17
      4710.00   8.4451955e-15   4.4932881e-17
      4715.00   8.3461053e-15   4.3557799e-17
      4720.00   8.2451864e-15   4.0681897e-17
      4725.00   8.0656214e-15   4.5576682e-17
      4730.00   7.7961294e-15   4.7290796e-17
      4735.00   7.7590098e-15   3.9215382e-17
      4740.00   7.4124107e-15   3.8887994e-17
      4745.00   6.9020027e-15   3.8944792e-17
      4750.00   6.7011572e-15   4.1389117e-17
      4755.00   6.4128784e-15   4.2423748e-17
      4760.00   6.1150769e-15   3.4564218e-17
      4765.00   5.8578143e-15   3.0869719e-17
      4770.00   5.5400893e-15   3.1198166e-17
      4775.00   5.3279101e-15   3.1337069e-17
      4780.00   5.2085072e-15   3.6583055e-17
      4785.00   5.1459365e-15   3.4815992e-17
      4790.00   5.1353151e-15   2.8658983e-17
      4795.00   5.2067632e-15   2.8856034e-17
      4800.00   5.3812486e-15   2.9407303e-17
      4805.00   5.4799339e-15   3.5890751e-17
      4810.00   5.6796261e-15   4.1615559e-17
      4815.00   5.9248557e-15   3.3786784e-17
      4820.00   6.1186344e-15   3.4550014e-17
      4825.00   6.2729075e-15   3.8725814e-17
      4830.00   6.3437169e-15   3.6610802e-17
      4835.00   6.2819601e-15   3.8630890e-17
      4840.00   6.0890480e-15   3.6679978e-17
      4845.00   5.8872750e-15   3.4441902e-17
      4850.00   5.6687765e-15   3.5433238e-17
      4855.00   5.5546282e-15   3.4186908e-17
      4860.00   5.3962220e-15   3.5438499e-17
      4865.00   5.3555746e-15   3.8489442e-17
      4870.00   5.3481529e-15   3.3903172e-17
      4875.00   5.2778233e-15   2.9988106e-17
      4880.00   5.2390754e-15   2.9811434e-17
      4885.00   5.2685941e-15   2.8953221e-17
      4890.00   5.3262253e-15   3.4154473e-17
      4895.00   5.4749080e-15   3.6420375e-17
      4900.00   5.6701783e-15   3.2454954e-17
      4905.00   5.8090333e-15   3.1851757e-17
      4910.00   5.8427664e-15   3.3208013e-17
      4915.00   6.0833635e-15   3.5817986e-17
      4920.00   6.2093453e-15   4.1622742e-17
      4925.00   6.5115751e-15   4.1584590e-17
      4930.00   6.7510317e-15   3.7169629e-17
      4935.00   7.1094516e-15   3.9798908e-17
      4940.00   7.4803665e-15   4.1187576e-17
      4945.00   7.6618645e-15   4.8230248e-17
      4950.00   7.8714687e-15   4.2754812e-17
      4955.00   8.1497224e-15   3.5700589e-17
      4960.00   8.2048617e-15   3.8493148e-17
      4965.00   7.9763560e-15   4.2248452e-17
      4970.00   7.7157036e-15   4.1976164e-17
      4975.00   7.4523687e-15   4.7013244e-17
      4980.00   7.2430287e-15   4.3524216e-17
      4985.00   6.9616621e-15   3.7665411e-17
      4990.00   6.5669418e-15   3.7524357e-17
      4995.00   6.4174151e-15   3.3700145e-17
      5000.00   6.1901773e-15   3.3699593e-17
      5005.00   5.9394933e-15   3.9647101e-17
      5010.00   5.8588833e-15   3.8354254e-17
      5015.00   5.7206848e-15   3.3099460e-17
      5020.00   5.5521506e-15   3.3137994e-17
      5025.00   5.3644684e-15   3.4358790e-17
      5030.00   5.3218263e-15   3.8811897e-17
      5035.00   5.3052558e-15   3.9132684e-17
      5040.00   5.3494713e-15   3.0980965e-17
      5045.00   5.4216944e-15   2.9558661e-17
      5050.00   5.3760368e-15   3.1851724e-17
      5055.00   5.3716771e-15   3.2614236e-17
      5060.00   5.4557485e-15   3.5547541e-17
      5065.00   5.5106862e-15   3.4187017e-17
      5070.00   5.6202758e-15   3.0495830e-17
      5075.00   5.6290671e-15   3.2224773e-17
      5080.00   5.5609949e-15   3.4285951e-17
      5085.00   5.6843411e-15   3.2568609e-17
      5090.00   5.7629543e-15   3.6765614e-17
      5095.00   5.7800749e-15   3.7546330e-17
      5100.00   5.8414632e-15   3.1790685e-17
      5105.00   5.9054027e-15   3.4922834e-17
      5110.00   6.0074613e-15   3.6086780e-17
      5115.00   6.0884076e-15   3.8298476e-17
      5120.00   6.1464315e-15   4.0264346e-17
      5125.00   6.1986367e-15   3.3035258e-17
      5130.00   6.2328454e-15   3.1557705e-17
      5135.00   6.2478383e-15   3.3234870e-17
      5140.00   6.2905054e-15   3.3491600e-17
      5145.00   6.2695257e-15   3.9241203e-17
      5150.00   6.3145163e-15   4.1945852e-17
      5155.00   6.4513773e-15   3.6398293e-17
      5160.00   6.5867332e-15   3.6765250e-17
      5165.00   6.8075742e-15   3.6039912e-17
      5170.00   6.9389418e-15   3.5006019e-17
      5175.00   6.9998239e-15   4.1991592e-17
      5180.00   7.3562330e-15   4.3435436e-17
      5185.00   7.4826857e-15   3.9218155e-17
      5190.00   7.7321013e-15   4.0913002e-17
      5195.00   8.0745754e-15   4.2017089e-17
      5200.00   8.3451414e-15   5.1138172e-17
      5205.00   8.6229411e-15   5.1493949e-17
      5210.00   8.8741736e-15   4.5343040e-17
      5215.00   9.2692408e-15   4.5415392e-17
      5220.00   9.3543295e-15   4.4745217e-17
      5225.00   9.4631749e-15   4.4582825e-17
      5230.00   9.8014883e-15   4.9861805e-17
      5235.00   1.0102633e-14   5.2388233e-17
      5240.00   1.0210137e-14   4.7424852e-17
      5245.00   1.0297617e-14   4.6336544e-17
      5250.00   1.0367099e-14   4.6744152e-17
      5255.00   1.0517657e-14   4.7302823e-17
      5260.00   1.0613585e-14   5.4226199e-17
      5265.00   1.0713914e-14   5.4468391e-17
      5270.00   1.0793443e-14   4.7441673e-17
      5275.00   1.0857579e-14   4.6981599e-17
      5280.00   1.0762247e-14   4.7683720e-17
      5285.00   1.0616579e-14   5.6568367e-17
      5290.00   1.0573821e-14   5.7343303e-17
      5295.00   1.0397517e-14   4.9878359e-17
      5300.00   1.0338963e-14   4.7982031e-17
      5305.00   1.0243645e-14   4.5838386e-17
      5310.00   1.0003208e-14   4.7153765e-17
      5315.00   9.9386992e-15   5.2079275e-17
      5320.00   9.7124084e-15   5.0762694e-17
      5325.00   1.0691274e-14   5.1084461e-17
      5330.00   1.0766576e-14   5.0011373e-17
      5335.00   9.6701034e-15   4.6252227e-17
      5340.00   9.5283084e-15   4.4077679e-17
      5345.00   9.5109128e-15   4.6798484e-17
      5350.00   9.4464613e-15   4.9754077e-17
      5355.00   9.3702308e-15   4.5364335e-17
      5360.00   9.2762034e-15   4.4816447e-17
      5365.00   9.2700116e-15   4.1750267e-17
      5370.00   9.2934879e-15   4.0355508e-17
      5375.00   9.1943876e-15   4.8924087e-17
      5380.00   9.1385656e-15   4.8492752e-17
      5385.00   9.1582634e-15   4.2495716e-17
      5390.00   9.0708504e-15   4.6083668e-17
      5395.00   8.9444858e-15   4.7162669e-17
      5400.00   8.9638143e-15   4.9583247e-17
      5405.00   9.0676486e-15   4.6597579e-17
      5410.00   8.9283981e-15   4.2923931e-17
      5415.00   8.7389634e-15   4.3904414e-17
      5420.00   8.8033921e-15   4.3369053e-17
      5425.00   8.7393234e-15   4.0105088e-17
      5430.00   8.6448886e-15   4.5354839e-17
      5435.00   8.6204271e-15   4.7532859e-17
      5440.00   8.5683295e-15   4.1447986e-17
      5445.00   8.5607181e-15   3.9795570e-17
      5450.00   8.5293541e-15   3.7986602e-17
      5455.00   8.4233217e-15   4.0889678e-17
      5460.00   8.3818332e-15   4.9855337e-17
      5465.00   8.2325453e-15   5.0003922e-17
      5470.00   8.1613717e-15   4.1055366e-17
      5475.00   8.1863668e-15   3.9341521e-17
      5480.00   8.7634368e-15   4.3415637e-17
      5485.00   8.6375787e-15   4.4821003e-17
      5490.00   7.8345533e-15   4.8356601e-17
      5495.00   7.7306029e-15   4.7996480e-17
      5500.00   7.7105130e-15   4.2129920e-17
      5505.00   7.6465196e-15   4.2408362e-17
      5510.00   7.5315696e-15   3.9810549e-17
      5515.00   7.4646218e-15   4.2697320e-17
      5520.00   7.3473620e-15   4.5756233e-17
      5525.00   7.3605240e-15   4.1448399e-17
      5530.00   7.5006589e-15   4.0884798e-17
      5535.00   7.4380191e-15   4.0723068e-17
      5540.00   7.4743331e-15   3.9129193e-17
      5545.00   7.6197119e-15   4.3082481e-17
      5550.00   7.6326867e-15   4.8554413e-17
      5555.00   7.5341556e-15   4.3374807e-17
      5560.00   7.4741069e-15   4.0623611e-17
      5565.00   7.5437305e-15   3.8057154e-17
      5570.00   7.5889688e-15   3.7465879e-17
      5575.00   7.5371033e-15   4.6049042e-17
      5580.00   7.5553670e-15   4.4950900e-17
      5585.00   7.5490405e-15   3.8202443e-17
      5590.00   7.4483580e-15   3.8093414e-17
      5595.00   7.4136652e-15   3.7162227e-17
      5600.00   7.4815354e-15   3.6141784e-17