

  1.572804510981303E+03   0.0000000E+00   0.0000000E+00   2560
  1.574352133153245E+03   0.0000000E+00   0.0000000E+00   2560
  1.575899759930820E+03   0.0000000E+00   0.0000000E+00   2560
  1.577447391314067E+03   0.0000000E+00   0.0000000E+00   2560
  1.578995027303029E+03   0.0000000E+00   0.0000000E+00   2560
  1.580542667897746E+03   0.0000000E+00   0.0000000E+00   2048
  1.582090313098261E+03   0.0000000E+00   0.0000000E+00   2048
  1.583637962904613E+03   0.0000000E+00   0.0000000E+00   2048
  1.585185617316843E+03   0.0000000E+00   0.0000000E+00   2048
  1.586733276334994E+03   0.0000000E+00   0.0000000E+00   2048
  1.588280939959106E+03  -5.9629261E-16   0.0000000E+00   2048
  1.589828608189220E+03  -4.9254002E-16   0.0000000E+00   2048
  1.591376281025377E+03  -4.1663192E-16   0.0000000E+00   2048
  1.592923958467619E+03  -3.5872909E-16   0.0000000E+00   2048
  1.594471640515986E+03  -3.0648664E-16   0.0000000E+00   2048
  1.596019327170520E+03  -2.6499630E-16   0.0000000E+00   2048
  1.597567018431262E+03  -2.2817691E-16   0.0000000E+00   2048
  1.599114714298253E+03  -1.9851805E-16   0.0000000E+00   2048
  1.600662414771534E+03  -1.7259278E-16   0.0000000E+00   2048
  1.602210119851147E+03  -1.5137377E-16   0.0000000E+00   2048
  1.603757829537131E+03  -1.3287059E-16   0.0000000E+00   2048
  1.605305543829530E+03  -1.1747153E-16   0.0000000E+00   2048
  1.606853262728382E+03  -1.0398512E-16   0.0000000E+00   2048
  1.608400986233730E+03  -9.2584552E-17   0.0000000E+00   2048
  1.609948714345616E+03  -8.2546769E-17   0.0000000E+00   2048
  1.611496447064079E+03  -7.3944441E-17   0.0000000E+00   2048
  1.613044184389162E+03  -6.6338072E-17   0.0000000E+00   2048
  1.614591926320905E+03  -5.9742465E-17   0.0000000E+00   2048
  1.616139672859349E+03  -5.3890185E-17   0.0000000E+00   2048
  1.617687424004535E+03  -4.8763726E-17   0.0000000E+00   2048
  1.619235179756506E+03  -4.4196697E-17   0.0000000E+00   2048
  1.620782940115301E+03  -4.0159420E-17   0.0000000E+00   2048
  1.622330705080962E+03  -3.6546103E-17   0.0000000E+00   2048
  1.623878474653530E+03  -3.3325489E-17   0.0000000E+00   2048
  1.625426248833047E+03  -3.0428994E-17   0.0000000E+00   2048
  1.626974027619553E+03  -2.7828119E-17   0.0000000E+00   2048
  1.628521811013089E+03  -2.5479178E-17   0.0000000E+00   2048
  1.630069599013697E+03  -2.3356558E-17   0.0000000E+00   2048
  1.631617391621418E+03  -2.1431892E-17   0.0000000E+00   2048
  1.633165188836293E+03  -1.9682910E-17   0.0000000E+00   2048
  1.634712990658363E+03  -1.8090119E-17   0.0000000E+00   2048
  1.636260797087669E+03  -1.6635128E-17   0.0000000E+00   2048
  1.637808608124252E+03  -1.5304064E-17   0.0000000E+00   2048
  1.639356423768154E+03  -1.4082221E-17   0.0000000E+00   2048
  1.640904244019415E+03  -1.2959170E-17   0.0000000E+00   2048
  1.642452068878078E+03  -1.1923488E-17   0.0000000E+00   2048
  1.643999898344181E+03  -1.0967032E-17   0.0000000E+00   2048
  1.645547732417769E+03  -1.0081116E-17   0.0000000E+00   2048
  1.647095571098880E+03  -9.2591091E-18   0.0000000E+00   2048
  1.648643414387557E+03  -8.4945237E-18   0.0000000E+00   2048
  1.650191262283840E+03  -7.7821309E-18   0.0000000E+00   2048
  1.651739114787771E+03  -7.1184715E-18   0.0000000E+00   2048
  1.653286971899391E+03  -6.4973982E-18   0.0000000E+00   2048
  1.654834833618741E+03  -5.9153005E-18   0.0000000E+00   2048
  1.656382699945862E+03  -5.3686859E-18   0.0000000E+00   2048
  1.657930570880795E+03  -4.8548177E-18   0.0000000E+00   2048
  1.659478446423582E+03  -4.3706788E-18   0.0000000E+00   2048
  1.661026326574263E+03  -3.9141947E-18   0.0000000E+00   2048
  1.662574211332879E+03  -3.4828101E-18   0.0000000E+00   2048
  1.664122100699473E+03  -3.0749289E-18   0.0000000E+00   2048
  1.665669994674085E+03  -2.6884166E-18   0.0000000E+00   2048
  1.667217893256755E+03  -2.3220136E-18   0.0000000E+00   2048
  1.668765796447527E+03  -1.9739710E-18   0.0000000E+00   2048
  1.670313704246439E+03  -1.6432616E-18   0.0000000E+00   2048
  1.671861616653535E+03  -1.3285023E-18   0.0000000E+00   2048
  1.673409533668854E+03  -1.0288272E-18   0.0000000E+00   2048
  1.674957455292438E+03  -7.4316776E-19   0.0000000E+00   2048
  1.676505381524328E+03  -4.7077775E-19   0.0000000E+00   2048
  1.678053312364565E+03  -2.1085702E-19   0.0000000E+00   2048
  1.679601247813191E+03   3.7259575E-20   0.0000000E+00   2048
  1.681149187870246E+03   2.7422133E-19   0.0000000E+00   2048
  1.682697132535772E+03   5.0064383E-19   0.0000000E+00   2048
  1.684245081809810E+03   7.1705196E-19   0.0000000E+00   2048
  1.685793035692402E+03   9.2403188E-19   0.0000000E+00   2048
  1.687340994183587E+03   1.1219888E-18   0.0000000E+00   2048
  1.688888957283408E+03   1.3114986E-18   0.0000000E+00   2048
  1.690436924991905E+03   1.4928451E-18   0.0000000E+00   2048
  1.691984897309120E+03   1.6665970E-18   0.0000000E+00   2048
  1.693532874235094E+03   1.8329346E-18   0.0000000E+00   2048
  1.695080855769868E+03   1.9924357E-18   0.0000000E+00   2048
  1.696628841913483E+03   2.1451746E-18   0.0000000E+00   2048
  1.698176832665981E+03   2.2917366E-18   0.0000000E+00   2048
  1.699724828027402E+03   2.4320820E-18   0.0000000E+00   2048
  1.701272827997788E+03   2.5670545E-18   0.0000000E+00   2048
  1.702820832577179E+03   2.6964305E-18   0.0000000E+00   2048
  1.704368841765618E+03   2.8206702E-18   0.0000000E+00   2048
  1.705916855563145E+03   2.9396593E-18   0.0000000E+00   2048
  1.707464873969801E+03   3.0539194E-18   0.0000000E+00   2048
  1.709012896985628E+03   3.1632989E-18   0.0000000E+00   2048
  1.710560924610667E+03   3.2682477E-18   0.0000000E+00   2048
  1.712108956844958E+03   3.3686440E-18   0.0000000E+00   2048
  1.713656993688544E+03   3.4648652E-18   0.0000000E+00   2048
  1.715205035141465E+03   3.5568258E-18   0.0000000E+00   2048
  1.716753081203762E+03   3.6447629E-18   0.0000000E+00   2048
  1.718301131875477E+03   3.7287064E-18   0.0000000E+00   2048
  1.719849187156650E+03   3.8087751E-18   0.0000000E+00   2048
  1.721397247047325E+03   3.8850936E-18   0.0000000E+00   2048
  1.722945311547539E+03   3.9575882E-18   0.0000000E+00   2048
  1.724493380657336E+03   4.0265610E-18   0.0000000E+00   2048
  1.726041454376757E+03   4.0917668E-18   0.0000000E+00   2048
  1.727589532705842E+03   4.1536705E-18   0.0000000E+00   2048
  1.729137615644633E+03   4.2120194E-18   0.0000000E+00   2048
  1.730685703193171E+03   4.2672647E-18   0.0000000E+00   2048
  1.732233795351497E+03   4.3192055E-18   0.0000000E+00   2048
  1.733781892119652E+03   4.3682242E-18   0.0000000E+00   2048
  1.735329993497679E+03   4.4142055E-18   0.0000000E+00   2048
  1.736878099485616E+03   4.4574393E-18   0.0000000E+00   2048
  1.738426210083507E+03   4.4979187E-18   0.0000000E+00   2048
  1.739974325291392E+03   4.5358168E-18   0.0000000E+00   2048
  1.741522445109312E+03   4.5711940E-18   0.0000000E+00   2048
  1.743070569537309E+03   4.6041477E-18   0.0000000E+00   2048
  1.744618698575423E+03   4.6348228E-18   0.0000000E+00   2048
  1.746166832223697E+03   4.6632257E-18   0.0000000E+00   2048
  1.747714970482170E+03   4.6895913E-18   0.0000000E+00   2048
  1.749263113350884E+03   4.7138314E-18   0.0000000E+00   2048
  1.750811260829881E+03   4.7352087E-18   0.0000000E+00   2048
  1.752359412919201E+03   4.7535683E-18   0.0000000E+00   2048
  1.753907569618886E+03   4.7702381E-18   0.0000000E+00   2048
  1.755455730928977E+03   4.7850326E-18   0.0000000E+00   2048
  1.757003896849516E+03   4.7982373E-18   0.0000000E+00   2048
  1.758552067380542E+03   4.8096814E-18   0.0000000E+00   2048
  1.760100242522098E+03   4.8196456E-18   0.0000000E+00   2048
  1.761648422274225E+03   4.8279583E-18   0.0000000E+00   2048
  1.763196606636964E+03   4.8349017E-18   0.0000000E+00   2048
  1.764744795610355E+03   4.8402978E-18   0.0000000E+00   2048
  1.766292989194442E+03   4.8443932E-18   0.0000000E+00   2048
  1.767841187389263E+03   4.8470302E-18   0.0000000E+00   2048
  1.769389390194862E+03   4.8484679E-18   0.0000000E+00   2048
  1.770937597611278E+03   4.8485415E-18   0.0000000E+00   2048
  1.772485809638553E+03   4.8474711E-18   0.0000000E+00   2048
  1.774034026276729E+03   4.8451137E-18   0.0000000E+00   2048
  1.775582247525846E+03   4.8416763E-18   0.0000000E+00   2048
  1.777130473385946E+03   4.8370263E-18   0.0000000E+00   2048
  1.778678703857069E+03   4.8313064E-18   0.0000000E+00   2048
  1.780226938939258E+03   4.8244242E-18   0.0000000E+00   2048
  1.781775178632553E+03   4.8164279E-18   0.0000000E+00   2048
  1.783323422936995E+03   4.8072900E-18   0.0000000E+00   2048
  1.784871671852626E+03   4.7970090E-18   0.0000000E+00   2048
  1.786419925379487E+03   4.7856042E-18   0.0000000E+00   2048
  1.787968183517620E+03   4.7730447E-18   0.0000000E+00   2048
  1.789516446267064E+03   4.7593797E-18   0.0000000E+00   2048
  1.791064713627862E+03   4.7445335E-18   0.0000000E+00   2048
  1.792612985600054E+03   4.7285854E-18   0.0000000E+00   2048
  1.794161262183682E+03   4.7114347E-18   0.0000000E+00   2048
  1.795709543378788E+03   4.6931792E-18   0.0000000E+00   2048
  1.797257829185412E+03   4.6737098E-18   0.0000000E+00   2048
  1.798806119603595E+03   4.6531321E-18   0.0000000E+00   2048
  1.800354414633379E+03   4.6313541E-18   0.0000000E+00   2048
  1.801902714274805E+03   4.6084763E-18   0.0000000E+00   2048
  1.803451018527914E+03   4.5845079E-18   0.0000000E+00   2048
  1.804999327392747E+03   4.5595184E-18   0.0000000E+00   2048
  1.806547640869346E+03   4.5335921E-18   0.0000000E+00   2048
  1.808095958957751E+03   4.5067678E-18   0.0000000E+00   2048
  1.809644281658005E+03   4.4791512E-18   0.0000000E+00   2048
  1.811192608970148E+03   4.4507656E-18   0.0000000E+00   2048
  1.812740940894221E+03   4.4217134E-18   0.0000000E+00   2048
  1.814289277430266E+03   4.3920147E-18   0.0000000E+00   2048
  1.815837618578323E+03   4.3617622E-18   0.0000000E+00   2048
  1.817385964338435E+03   4.3309862E-18   0.0000000E+00   2048
  1.818934314710642E+03   4.2997593E-18   0.0000000E+00   2048
  1.820482669694985E+03   4.2681316E-18   0.0000000E+00   2048
  1.822031029291506E+03   4.2361470E-18   0.0000000E+00   2048
  1.823579393500245E+03   4.2038886E-18   0.0000000E+00   2048
  1.825127762321245E+03   4.1713333E-18   0.0000000E+00   2048
  1.826676135754547E+03   4.1386034E-18   0.0000000E+00   2048
  1.828224513800191E+03   4.1055774E-18   0.0000000E+00   2048
  1.829772896458218E+03   4.0724016E-18   0.0000000E+00   2048
  1.831321283728671E+03   4.0389004E-18   0.0000000E+00   2048
  1.832869675611589E+03   4.0052247E-18   0.0000000E+00   2048
  1.834418072107016E+03   3.9711949E-18   0.0000000E+00   2048
  1.835966473214990E+03   3.9369541E-18   0.0000000E+00   2048
  1.837514878935555E+03   3.9023482E-18   0.0000000E+00   2048
  1.839063289268751E+03   3.8675177E-18   0.0000000E+00   2048
  1.840611704214618E+03   3.8323009E-18   0.0000000E+00   2048
  1.842160123773200E+03   3.7968190E-18   0.0000000E+00   2048
  1.843708547944536E+03   3.7609367E-18   0.0000000E+00   2048
  1.845256976728668E+03   3.7247521E-18   0.0000000E+00   2048
  1.846805410125638E+03   3.6881676E-18   0.0000000E+00   2048
  1.848353848135486E+03   3.6512687E-18   0.0000000E+00   2048
  1.849902290758253E+03   3.6139600E-18   0.0000000E+00   2048
  1.851450737993981E+03   3.5781166E-18   0.0000000E+00   2048
  1.852999189842712E+03   3.5420159E-18   0.0000000E+00   2048
  1.854547646304486E+03   3.5055228E-18   0.0000000E+00   2048
  1.856096107379344E+03   3.4686078E-18   0.0000000E+00   2048
  1.857644573067328E+03   3.4313038E-18   0.0000000E+00   2048
  1.859193043368480E+03   3.3935945E-18   0.0000000E+00   2048
  1.860741518282839E+03   3.3555103E-18   0.0000000E+00   2048
  1.862289997810448E+03   3.3170356E-18   0.0000000E+00   2048
  1.863838481951348E+03   3.2781985E-18   0.0000000E+00   2048
  1.865386970705579E+03   3.2389855E-18   0.0000000E+00   2048
  1.866935464073184E+03   3.1994200E-18   0.0000000E+00   2048
  1.868483962054203E+03   3.1594937E-18   0.0000000E+00   2048
  1.870032464648677E+03   3.1192243E-18   0.0000000E+00   2048
  1.871580971856649E+03   3.0786085E-18   0.0000000E+00   2048
  1.873129483678159E+03   3.0376599E-18   0.0000000E+00   2048
  1.874678000113249E+03   2.9963791E-18   0.0000000E+00   2048
  1.876226521161958E+03   2.9547681E-18   0.0000000E+00   2048
  1.877775046824330E+03   2.9128390E-18   0.0000000E+00   2048
  1.879323577100404E+03   2.8705791E-18   0.0000000E+00   2048
  1.880872111990223E+03   2.8280151E-18   0.0000000E+00   2048
  1.882420651493828E+03   2.7851202E-18   0.0000000E+00   2048
  1.883969195611259E+03   2.7419371E-18   0.0000000E+00   2048
  1.885517744342558E+03   2.6984257E-18   0.0000000E+00   2048
  1.887066297687767E+03   2.6546422E-18   0.0000000E+00   2048
  1.888614855646926E+03   2.6105092E-18   0.0000000E+00   2048
  1.890163418220077E+03   2.5661221E-18   0.0000000E+00   2048
  1.891711985407261E+03   2.5213960E-18   0.0000000E+00   2048
  1.893260557208519E+03   2.4764330E-18   0.0000000E+00   2048
  1.894809133623892E+03   2.4311355E-18   0.0000000E+00   2048
  1.896357714653423E+03   2.3856156E-18   0.0000000E+00   2048
  1.897906300297151E+03   2.3397579E-18   0.0000000E+00   2048
  1.899454890555118E+03   2.2936928E-18   0.0000000E+00   2048
  1.901003485427367E+03   2.2473043E-18   0.0000000E+00   2048
  1.902552084913936E+03   2.2007231E-18   0.0000000E+00   2048
  1.904100689014869E+03   2.1538731E-18   0.0000000E+00   2048
  1.905649297730205E+03   2.1068458E-18   0.0000000E+00   2048
  1.907197911059988E+03   2.0595989E-18   0.0000000E+00   2048
  1.908746529004257E+03   2.0121894E-18   0.0000000E+00   2048
  1.910295151563054E+03   1.9646191E-18   0.0000000E+00   2048
  1.911843778736420E+03   1.9169007E-18   0.0000000E+00   2048
  1.913392410524396E+03   1.8690646E-18   0.0000000E+00   2048
  1.914941046927025E+03   1.8210925E-18   0.0000000E+00   2048
  1.916489687944346E+03   1.7730408E-18   0.0000000E+00   2048
  1.918038333576402E+03   1.7248639E-18   0.0000000E+00   2048
  1.919586983823232E+03   1.6766343E-18   0.0000000E+00   2048
  1.921135638684880E+03   1.6282883E-18   0.0000000E+00   2048
  1.922684298161386E+03   1.5799152E-18   0.0000000E+00   2048
  1.924232962252791E+03   1.5314329E-18   0.0000000E+00   2048
  1.925781630959136E+03   1.4829379E-18   0.0000000E+00   2048
  1.927330304280464E+03   1.4343380E-18   0.0000000E+00   2048
  1.928878982216814E+03   1.3857067E-18   0.0000000E+00   2048
  1.930427664768228E+03   1.3369675E-18   0.0000000E+00   2048
  1.931976351934748E+03   1.2881768E-18   0.0000000E+00   2048
  1.933525043716415E+03   1.2392750E-18   0.0000000E+00   2048
  1.935073740113270E+03   1.1903026E-18   0.0000000E+00   2048
  1.936622441125354E+03   1.1412157E-18   0.0000000E+00   2048
  1.938171146752708E+03   1.0920407E-18   0.0000000E+00   2048
  1.939719856995375E+03   1.0427479E-18   0.0000000E+00   2048
  1.941268571853395E+03   9.9335551E-19   0.0000000E+00   2048
  1.942817291326809E+03   9.4384358E-19   0.0000000E+00   2048
  1.944366015415658E+03   8.9422133E-19   0.0000000E+00   2048
  1.945914744119985E+03   8.4447846E-19   0.0000000E+00   2048
  1.947463477439829E+03   7.9462030E-19   0.0000000E+00   2048
  1.949012215375234E+03   7.4464262E-19   0.0000000E+00   2048
  1.950560957926238E+03   6.9453052E-19   0.0000000E+00   2048
  1.952109705092885E+03   6.4427423E-19   0.0000000E+00   2048
  1.953658456875215E+03   5.9390301E-19   0.0000000E+00   2048
  1.955207213273269E+03   5.4342375E-19   0.0000000E+00   2048
  1.956755974287089E+03   4.9282997E-19   0.0000000E+00   2048
  1.958304739916716E+03   4.4213331E-19   0.0000000E+00   2048
  1.959853510162192E+03   3.9132969E-19   0.0000000E+00   2048
  1.961402285023557E+03   3.4043329E-19   0.0000000E+00   2048
  1.962951064500853E+03   2.8944394E-19   0.0000000E+00   2048
  1.964499848594121E+03   2.3837670E-19   0.0000000E+00   2048
  1.966048637303402E+03   1.8723559E-19   0.0000000E+00   2048
  1.967597430628738E+03   1.3603606E-19   0.0000000E+00   2048
  1.969146228570170E+03   8.4787092E-20   0.0000000E+00   2048
  1.970695031127739E+03   3.3504489E-20   0.0000000E+00   2048
  1.972243838301487E+03  -1.7797833E-20   0.0000000E+00   2048
  1.973792650091454E+03  -6.9103192E-20   0.0000000E+00   2048
  1.975341466497683E+03  -1.2039392E-19   0.0000000E+00   2048
  1.976890287520213E+03  -1.7165207E-19   0.0000000E+00   2048
  1.978439113159087E+03  -2.2286226E-19   0.0000000E+00   2048
  1.979987943414347E+03  -2.7400655E-19   0.0000000E+00   2048
  1.981536778286032E+03  -3.2507505E-19   0.0000000E+00   2048
  1.983085617774184E+03  -3.7604962E-19   0.0000000E+00   2048
  1.984634461878846E+03  -4.2692753E-19   0.0000000E+00   2048
  1.986183310600057E+03  -4.7769055E-19   0.0000000E+00   2048
  1.987732163937860E+03  -5.2834207E-19   0.0000000E+00   2048
  1.989281021892295E+03  -5.7886409E-19   0.0000000E+00   2048
  1.990829884463404E+03  -6.2926462E-19   0.0000000E+00   2048
  1.992378751651228E+03  -6.7952644E-19   0.0000000E+00   2048
  1.993927623455809E+03  -7.2966346E-19   0.0000000E+00   2048
  1.995476499877187E+03  -7.7966193E-19   0.0000000E+00   2048
  1.997025380915404E+03  -8.2953539E-19   0.0000000E+00   2048
  1.998574266570501E+03  -8.7927438E-19   0.0000000E+00   2048
  2.000123156842520E+03  -9.2891390E-19   0.0000000E+00   2048
  2.001672051731502E+03  -9.7851775E-19   0.0000000E+00   2048
  2.003220951237488E+03  -1.0280182E-18   0.0000000E+00   2048
  2.004769855360519E+03  -1.0774219E-18   0.0000000E+00   2048
  2.006318764100637E+03  -1.1267233E-18   0.0000000E+00   2048
  2.007867677457883E+03  -1.1759307E-18   0.0000000E+00   2048
  2.009416595432298E+03  -1.2250389E-18   0.0000000E+00   2048
  2.010965518023923E+03  -1.2740590E-18   0.0000000E+00   2048
  2.012514445232801E+03  -1.3229846E-18   0.0000000E+00   2048
  2.014063377058972E+03  -1.3718342E-18   0.0000000E+00   2048
  2.015612313502476E+03  -1.4205942E-18   0.0000000E+00   2048
  2.017161254563357E+03  -1.4692926E-18   0.0000000E+00   2048
  2.018710200241655E+03  -1.5179063E-18   0.0000000E+00   2048
  2.020259150537411E+03  -1.5664741E-18   0.0000000E+00   2048
  2.021808105450667E+03  -1.6149629E-18   0.0000000E+00   2048
  2.023357064981463E+03  -1.6634222E-18   0.0000000E+00   2048
  2.024906029129842E+03  -1.7118081E-18   0.0000000E+00   2048
  2.026454997895844E+03  -1.7601851E-18   0.0000000E+00   2048
  2.028003971279511E+03  -1.8084900E-18   0.0000000E+00   2048
  2.029552949280885E+03  -1.8567872E-18   0.0000000E+00   2048
  2.031101931900005E+03  -1.9050116E-18   0.0000000E+00   2048
  2.032650919136914E+03  -1.9532239E-18   0.0000000E+00   2048
  2.034199910991653E+03  -2.0013625E-18   0.0000000E+00   2048
  2.035748907464264E+03  -2.0494833E-18   0.0000000E+00   2048
  2.037297908554787E+03  -2.0975284E-18   0.0000000E+00   2048
  2.038846914263264E+03  -2.1455396E-18   0.0000000E+00   2048
  2.040395924589736E+03  -2.1934735E-18   0.0000000E+00   2048
  2.041944939534244E+03  -2.2413584E-18   0.0000000E+00   2048
  2.043493959096831E+03  -2.2891636E-18   0.0000000E+00   2048
  2.045042983277536E+03  -2.3369079E-18   0.0000000E+00   2048
  2.046592012076402E+03  -2.3845692E-18   0.0000000E+00   2048
  2.048141045493469E+03  -2.4321445E-18   0.0000000E+00   2048
  2.049690083528780E+03  -2.4796344E-18   0.0000000E+00   2048
  2.051239126182375E+03  -2.5267003E-18   0.0000000E+00   2048
  2.052788173454295E+03  -2.5735746E-18   0.0000000E+00   2048
  2.054337225344583E+03  -2.6202817E-18   0.0000000E+00   2048
  2.055886281853278E+03  -2.6668824E-18   0.0000000E+00   2048
  2.057435342980424E+03  -2.7132599E-18   0.0000000E+00   2048
  2.058984408726060E+03  -2.7595291E-18   0.0000000E+00   2048
  2.060533479090228E+03  -2.8055233E-18   0.0000000E+00   2048
  2.062082554072970E+03  -2.8514045E-18   0.0000000E+00   2048
  2.063631633674327E+03  -2.8969412E-18   0.0000000E+00   2048
  2.065180717894339E+03  -2.9423557E-18   0.0000000E+00   2048
  2.066729806733048E+03  -2.9873768E-18   0.0000000E+00   2048
  2.068278900190497E+03  -3.0322632E-18   0.0000000E+00   2048
  2.069827998266726E+03  -3.0766890E-18   0.0000000E+00   2048
  2.071377100961776E+03  -3.1209632E-18   0.0000000E+00   2048
  2.072926208275689E+03  -3.1647180E-18   0.0000000E+00   2048
  2.074475320208506E+03  -3.2083023E-18   0.0000000E+00   2048
  2.076024436760268E+03  -3.2513118E-18   0.0000000E+00   2048
  2.077573557931016E+03  -3.2941306E-18   0.0000000E+00   2048
  2.079122683720793E+03  -3.3364373E-18   0.0000000E+00   2048
  2.080671814129639E+03  -3.3785458E-18   0.0000000E+00   2048
  2.082220949157595E+03  -3.4202363E-18   0.0000000E+00   2048
  2.083770088804704E+03  -3.4617302E-18   0.0000000E+00   2048
  2.085319233071005E+03  -3.5029184E-18   0.0000000E+00   2048
  2.086868381956541E+03  -3.5439205E-18   0.0000000E+00   2048
  2.088417535461353E+03  -3.5847237E-18   0.0000000E+00   2048
  2.089966693585482E+03  -3.6253585E-18   0.0000000E+00   2048
  2.091515856328970E+03  -3.6659205E-18   0.0000000E+00   2048
  2.093065023691857E+03  -3.7063428E-18   0.0000000E+00   2048
  2.094614195674186E+03  -3.7467940E-18   0.0000000E+00   2048
  2.096163372275996E+03  -3.7871364E-18   0.0000000E+00   2048
  2.097712553497331E+03  -3.8276406E-18   0.0000000E+00   2048
  2.099261739338232E+03  -3.9454133E-18   2.8053258E-18   2564
  2.100810929798738E+03  -4.1049479E-18   7.0927313E-18   2564
  2.102360124878891E+03  -4.3584047E-18   5.0544929E-18   2564
  2.103909324578734E+03  -4.5347063E-18   1.0115607E-17   2564
  2.105458528898308E+03  -7.0437159E-18   3.1164425E-19   2564
  2.107007737837654E+03   1.9331431E-19   1.5942934E-17   2564
  2.108556951396813E+03  -8.0271178E-18   3.5275368E-19   2564
  2.110106169575825E+03   8.1922074E-18   2.1662644E-17   2564
  2.111655392374734E+03  -8.7123195E-18   3.7807350E-19   2564
  2.113204619793580E+03  -1.7728509E-18   1.8200918E-17   2564
  2.114753851832404E+03   7.6629557E-18   1.9020454E-17   2564
  2.116303088491247E+03   1.8196101E-17   2.8006546E-17   2564
  2.117852329770152E+03  -5.6316181E-18   1.0279089E-17   2564
  2.119401575669160E+03  -1.0834961E-17   1.5039106E-17   2564
  2.120950826188311E+03  -6.7528966E-18   1.0969412E-17   2564
  2.122500081327647E+03  -1.6703216E-18   2.2579890E-17   2564
  2.124049341087209E+03   7.8282620E-18   2.0084817E-17   2564
  2.125598605467039E+03  -2.2604851E-17   1.1923546E-17   2564
  2.127147874467179E+03  -1.4240614E-17   5.4120737E-19   2564
  2.128697148087668E+03   1.7676049E-18   2.4925450E-17   2564
  2.130246426328550E+03   2.6169285E-17   2.8454686E-17   2564
  2.131795709189864E+03  -3.2391344E-17   9.1084900E-19   2564
  2.133344996671654E+03   9.1657588E-19   1.8721228E-17   2564
  2.134894288773959E+03   2.8656665E-18   2.6965813E-17   2564
  2.136443585496821E+03  -8.5518944E-18   1.3724854E-17   2564
  2.137992886840281E+03  -3.0274059E-17   1.3975779E-17   2564
  2.139542192804381E+03  -1.8360127E-17   6.3216865E-19   2564
  2.141091503389162E+03  -3.0034799E-17   1.4409862E-17   2564
  2.142640818594666E+03  -1.8945854E-17   6.4073715E-19   2564
  2.144190138420933E+03  -8.4014692E-18   2.5623374E-17   2564
  2.145739462868006E+03   3.0765070E-18   2.1189571E-17   2564
  2.147288791935925E+03  -1.9839201E-17   2.1474191E-17   2564
  2.148838125624733E+03   2.8941587E-17   3.0705328E-17   2564
  2.150387463934469E+03  -4.6237467E-17   1.0883308E-18   2564
  2.151936806865176E+03  -9.2441214E-18   1.5705725E-17   2564
  2.153486154416894E+03  -8.1762089E-18   2.7474040E-17   2564
  2.155035506589666E+03   3.1727072E-17   3.2014153E-17   2564
  2.156584863383533E+03   3.4492300E-17   3.9582329E-17   2564
  2.158134224798536E+03  -2.4875996E-17   7.4563989E-19   2564
  2.159683590834716E+03   5.1952981E-18   3.2896331E-17   2564
  2.161232961492114E+03  -1.0430134E-17   1.6591853E-17   2564
  2.162782336770772E+03  -2.2046744E-17   2.3656532E-17   2564
  2.164331716670732E+03  -2.7872258E-17   7.8839458E-19   2564
  2.165881101192035E+03   3.6019553E-17   4.1569409E-17   2564
  2.167430490334721E+03   3.9793982E-17   3.4182938E-17   2564
  2.168979884098833E+03   3.7549427E-17   4.2170078E-17   2564
  2.170529282484411E+03  -8.9272053E-18   1.7344072E-17   2564
  2.172078685491499E+03  -2.8617521E-17   2.4703929E-17   2564
  2.173628093120135E+03   7.6098581E-18   2.4839678E-17   2564
  2.175177505370361E+03   2.4394858E-17   3.9379640E-17   2564
  2.176726922242221E+03   2.7137240E-17   3.0618597E-17   2564
  2.178276343735753E+03   2.1931837E-17   3.9109334E-17   2564
  2.179825769851001E+03  -2.6010388E-17   8.6523489E-18   2564
  2.181375200588005E+03  -4.4340133E-17   1.9787155E-17   2564
  2.182924635946807E+03   8.7668853E-18   2.5808045E-17   2564
  2.184474075927447E+03   8.3103613E-17   5.0682349E-17   2564
  2.186023520529968E+03  -2.7116105E-17   6.9595015E-18   2564
  2.187572969754410E+03   2.7212852E-17   4.0222716E-17   2564
  2.189122423600816E+03   7.8346339E-17   4.3080804E-17   2564
  2.190671882069225E+03   4.4519233E-18   3.4896546E-17   2564
  2.192221345159681E+03  -1.1731819E-18   2.2278083E-17   2564
  2.193770812872224E+03   1.5799577E-17   3.7752900E-17   2564
  2.195320285206895E+03   1.6152665E-17   2.8425526E-17   2564
  2.196869762163737E+03  -2.9247729E-19   3.4473927E-17   2564
  2.198419243742789E+03  -3.3742762E-17   8.4459504E-19   2564
  2.199968729944094E+03   5.5795553E-18   3.6139657E-17   2564
  2.201518220767693E+03   6.2092189E-18   2.5581790E-17   2564
  2.203067716213627E+03   8.7772110E-18   3.6223546E-17   2564
  2.204617216281938E+03  -2.6458905E-17   1.0536990E-17   2564
  2.206166720972667E+03   4.6146249E-17   4.4445013E-17   2564
  2.207716230285856E+03   1.3172941E-17   2.7918527E-17   2564
  2.209265744221545E+03  -9.1395980E-18   3.2466389E-17   2564
  2.210815262779776E+03  -3.5728356E-17   8.5744431E-19   2564
  2.212364785960591E+03  -2.3994637E-17   2.8195662E-17   2564
  2.213914313764031E+03  -9.7707091E-19   2.5765596E-17   2564
  2.215463846190137E+03   4.7119662E-17   4.4390793E-17   2564
  2.217013383238951E+03  -2.0720697E-17   1.6126222E-17   2564
  2.218562924910514E+03  -1.2693388E-17   3.2128092E-17   2564
  2.220112471204867E+03  -1.1814445E-17   2.0274250E-17   2564
  2.221662022122052E+03  -2.6721570E-17   2.7652616E-17   2564
  2.223211577662110E+03  -2.1468286E-18   2.4048026E-17   2564
  2.224761137825083E+03   2.9010988E-17   4.0887084E-17   2564
  2.226310702611011E+03  -9.5656059E-18   2.2620303E-17   2564
  2.227860272019937E+03   9.6800679E-17   5.2511166E-17   2564
  2.229409846051901E+03  -1.4119568E-17   2.0627946E-17   2564
  2.230959424706946E+03  -7.6205759E-18   3.3182655E-17   2564
  2.232509007985112E+03  -8.1032160E-18   2.2103656E-17   2564
  2.234058595886440E+03  -5.1861376E-17   2.0822249E-17   2564
  2.235608188410974E+03   2.3027598E-17   3.1075187E-17   2564
  2.237157785558752E+03   1.1917499E-17   3.7706221E-17   2564
  2.238707387329817E+03   8.2358155E-18   2.8322208E-17   2564
  2.240256993724211E+03  -2.1803022E-17   2.9740071E-17   2564
  2.241806604741974E+03  -1.3290216E-17   2.1757896E-17   2564
  2.243356220383148E+03   5.2745539E-17   4.5228816E-17   2564
  2.244905840647775E+03   1.5706800E-17   3.0289551E-17   2564
  2.246455465535897E+03  -2.2998336E-17   3.0063684E-17   2564
  2.248005095047552E+03   1.2370021E-18   2.6194653E-17   2564
  2.249554729182785E+03   7.0328907E-17   4.7879487E-17   2564
  2.251104367941635E+03  -1.3287712E-17   2.1431039E-17   2564
  2.252654011324145E+03  -3.7851275E-17   2.6232334E-17   2564
  2.254203659330356E+03   3.1583208E-17   3.3765791E-17   2564
  2.255753311960309E+03  -2.0688108E-17   3.0359798E-17   2564
  2.257302969214045E+03   1.6080348E-17   3.0630802E-17   2564
  2.258852631091606E+03  -7.6159429E-18   3.3578672E-17   2564
  2.260402297593034E+03   1.4148339E-18   2.6909734E-17   2564
  2.261951968718370E+03   1.0409589E-17   3.7822966E-17   2564
  2.263501644467654E+03  -1.5278342E-17   2.1118133E-17   2564
  2.265051324840929E+03   1.2911853E-17   3.8513437E-17   2564
  2.266601009838236E+03   1.6469272E-17   3.0433814E-17   2564
  2.268150699459616E+03   3.4013045E-17   4.1972683E-17   2564
  2.269700393705111E+03  -1.7334670E-17   2.2122464E-17   2564
  2.271250092574762E+03   5.4710160E-19   3.6214020E-17   2564
  2.272799796068610E+03  -1.4655338E-17   2.2224282E-17   2564
  2.274349504186697E+03  -9.9187360E-18   3.3861125E-17   2564
  2.275899216929065E+03   2.2226657E-18   2.6717871E-17   2564
  2.277448934295754E+03  -3.9055207E-17   2.6757498E-17   2564
  2.278998656286807E+03   4.4159934E-18   2.8108507E-17   2564
  2.280548382902263E+03  -1.9568560E-17   3.2654096E-17   2564
  2.282098114142166E+03  -1.6951641E-17   2.2502150E-17   2564
  2.283647850006555E+03   2.0868931E-17   3.9548177E-17   2564
  2.285197590495474E+03   3.5681412E-17   3.5060001E-17   2564
  2.286747335608962E+03  -1.6598540E-17   3.3052589E-17   2564
  2.288297085347062E+03   5.5988286E-18   2.8327799E-17   2564
  2.289846839709815E+03  -2.7201411E-18   3.5291462E-17   2564
  2.291396598697262E+03   7.1230549E-18   2.8768379E-17   2564
  2.292946362309445E+03   3.4249519E-17   4.1860914E-17   2564
  2.294496130546404E+03   3.7226271E-17   3.5044635E-17   2564
  2.296045903408182E+03   1.1327332E-17   3.8102847E-17   2564
  2.297595680894820E+03  -6.2603589E-18   2.5329630E-17   2564
  2.299145463006360E+03  -2.5608235E-17   3.0502834E-17   2564
  2.300695249742842E+03   9.0507886E-18   2.9205418E-17   2564
  2.302245041104307E+03  -1.2820098E-17   3.3627734E-17   2564
  2.303794837090799E+03  -2.4678530E-17   1.9994678E-17   2564
  2.305344637702357E+03   4.6128279E-17   4.3862208E-17   2564
  2.306894442939024E+03   3.0656689E-18   2.7061684E-17   2564
  2.308444252800841E+03   1.3305381E-17   3.9020101E-17   2564
  2.309994067287848E+03   8.7690409E-19   2.7101110E-17   2564
  2.311543886400088E+03   1.9938323E-17   3.8967933E-17   2564
  2.313093710137602E+03  -1.6214024E-17   2.3278434E-17   2564
  2.314643538500432E+03   4.6910630E-17   4.4074244E-17   2564
  2.316193371488618E+03   4.2762359E-18   2.9346406E-17   2564
  2.317743209102201E+03   4.2601816E-18   3.6746526E-17   2564
  2.319293051341226E+03   3.7164778E-17   3.5905885E-17   2564
  2.320842898205731E+03  -1.9236353E-17   3.2833505E-17   2564
  2.322392749695758E+03   1.3511262E-18   2.7624467E-17   2564
  2.323942605811349E+03  -1.4149699E-17   3.3301057E-17   2564
  2.325492466552545E+03  -5.5381324E-17   9.9050132E-19   2564
  2.327042331919389E+03  -2.8620211E-17   3.0455953E-17   2564
  2.328592201911919E+03  -1.7455073E-17   2.3566467E-17   2564
  2.330142076530180E+03  -2.6000265E-17   3.0617462E-17   2564
  2.331691955774212E+03  -5.9481433E-17   1.0269828E-18   2564
  2.333241839644055E+03   1.2296863E-17   3.8838390E-17   2564
  2.334791728139753E+03  -1.3733452E-17   2.4027215E-17   2564
  2.336341621261346E+03   1.5345241E-17   3.8624160E-17   2564
  2.337891519008875E+03   3.7176226E-17   3.6382044E-17   2564
  2.339441421382382E+03  -2.5723069E-17   3.0648683E-17   2564
  2.340991328381909E+03  -2.5308878E-17   2.0405929E-17   2564
  2.342541240007497E+03   4.9893606E-17   4.4761602E-17   2564
  2.344091156259187E+03  -3.0685061E-18   2.7548521E-17   2564
  2.345641077137021E+03  -1.3801740E-17   3.4037589E-17   2564
  2.347191002641039E+03   3.9976454E-17   3.6628008E-17   2564
  2.348740932771285E+03   2.1760238E-17   4.0765648E-17   2564
  2.350290867527798E+03   1.4735009E-18   2.7641314E-17   3588
  2.351840806910621E+03   3.2455834E-17   4.1955875E-17   2564
  2.353390750919794E+03   1.0032013E-17   2.9863540E-17   2564
  2.354940699555360E+03  -1.2024950E-18   3.6021072E-17   2564
  2.356490652817360E+03  -2.2172892E-17   2.3085496E-17   2564
  2.358040610705834E+03  -3.0510464E-17   3.0039150E-17   2564
  2.359590573220826E+03   3.8826989E-18   2.9719557E-17   2564
  2.361140540362375E+03   4.9581851E-17   4.4453268E-17   2564
  2.362690512130523E+03  -9.2912227E-18   2.6029311E-17   2564
  2.364240488525313E+03   3.7562649E-17   4.2802960E-17   2564
  2.365790469546784E+03  -3.6635310E-17   1.8725419E-17   2564
  2.367340455194980E+03   3.1665351E-17   4.1732698E-17   2564
  2.368890445469940E+03   2.7507792E-18   2.9566899E-17   2564
  2.370440440371707E+03  -1.8703966E-17   3.2296446E-17   2564
  2.371990439900322E+03  -2.6891132E-17   2.1460342E-17   2564
  2.373540444055826E+03   2.6424478E-17   4.0681408E-17   2564
  2.375090452838262E+03  -1.6004031E-17   2.4901750E-17   2564
  2.376640466247670E+03  -5.4594351E-18   3.6198721E-17   2564
  2.378190484284091E+03  -2.7328497E-17   2.1276629E-17   2564
  2.379740506947568E+03   3.5383498E-17   4.2703027E-17   2564
  2.381290534238140E+03   1.0590054E-17   3.1128630E-17   2564
  2.382840566155852E+03  -3.8819682E-17   2.8576863E-17   2564
  2.384390602700742E+03  -2.7521467E-17   2.2581162E-17   2564
  2.385940643872854E+03  -3.6279927E-17   2.9111980E-17   2564
  2.387490689672228E+03   9.6633307E-18   3.1189834E-17   2564
  2.389040740098906E+03   3.5448776E-17   4.2176278E-17   2564
  2.390590795152930E+03  -1.4797859E-18   2.8981990E-17   2564
  2.392140854834339E+03   4.6801992E-17   4.4166564E-17   2564
  2.393690919143177E+03  -2.9140266E-17   2.1208429E-17   2564
  2.395240988079485E+03  -2.2023634E-17   3.3499921E-17   2564
  2.396791061643303E+03   2.4380172E-17   3.3826029E-17   2564
  2.398341139834674E+03  -3.0232790E-17   3.1549463E-17   2564
  2.399891222653639E+03  -2.6077306E-17   2.2015068E-17   2564
  2.401441310100240E+03  -2.6457331E-17   3.1338317E-17   2564
  2.402991402174517E+03  -1.5125563E-17   2.5472623E-17   2564
  2.404541498876512E+03  -4.4100962E-17   2.8647468E-17   2564
  2.406091600206267E+03  -3.2728034E-18   2.8627467E-17   2564
  2.407641706163823E+03  -2.8921784E-17   3.1443766E-17   2564
  2.409191816749222E+03  -2.8630021E-17   2.2420955E-17   2564
  2.410741931962506E+03  -7.6958188E-18   3.6300120E-17   2564
  2.412292051803714E+03  -1.5937100E-17   2.5876785E-17   2564
  2.413842176272889E+03  -5.6951101E-17   2.5901252E-17   2564
  2.415392305370073E+03   1.0055064E-17   3.1654548E-17   2564
  2.416942439095306E+03  -3.8471033E-18   3.5952773E-17   2564
  2.418492577448631E+03  -1.8610242E-17   2.5401084E-17   2564
  2.420042720430089E+03  -1.6046710E-17   3.4704862E-17   2564
  2.421592868039721E+03  -3.5172706E-17   2.1962380E-17   2564
  2.423143020277569E+03   6.2770212E-18   3.8731475E-17   2564
  2.424693177143673E+03   1.1678009E-18   3.0338470E-17   2564
  2.426243338638077E+03   8.2533699E-17   5.0150654E-17   2564
  2.427793504760820E+03   2.6289603E-17   3.5413908E-17   2564
  2.429343675511945E+03   1.1053776E-16   5.3092568E-17   2564
  2.430893850891493E+03  -2.5626080E-17   2.5032181E-17   2564
  2.432444030899504E+03  -7.1101219E-18   3.6522750E-17   2564
  2.433994215536022E+03  -4.2721738E-17   1.9761816E-17   2564
  2.435544404801088E+03  -5.8922040E-17   2.5132161E-17   2564
  2.437094598694742E+03   5.4678872E-17   4.0745104E-17   2564
  2.438644797217027E+03   3.6503460E-18   3.8705779E-17   2564
  2.440195000367982E+03   5.8093424E-17   4.0798986E-17   2564
  2.441745208147652E+03  -3.0009157E-18   3.8222441E-17   2564
  2.443295420556076E+03   7.6586204E-18   3.2529850E-17   2564
  2.444845637593296E+03   8.2113516E-18   3.9515692E-17   2564
  2.446395859259354E+03  -3.4364209E-17   2.1605926E-17   2564
  2.447946085554290E+03   5.5039195E-17   4.6401712E-17   2564
  2.449496316478147E+03   8.3040414E-18   3.2992896E-17   2564
  2.451046552030966E+03   1.8906545E-17   4.1212861E-17   2564
  2.452596792212789E+03   7.6944863E-17   4.4837901E-17   2564
  2.454147037023657E+03   4.1171244E-17   4.4685875E-17   2564
  2.455697286463610E+03   2.8262038E-17   3.7819406E-17   2564
  2.457247540532692E+03  -1.0787121E-18   3.8880447E-17   2564
  2.458797799230943E+03  -3.9961201E-17   2.1412849E-17   2564
  2.460348062558404E+03  -6.5709727E-18   3.6947170E-17   2564
  2.461898330515118E+03  -2.9818882E-17   2.4662018E-17   2564
  2.463448603101126E+03   2.1956634E-17   4.2453397E-17   2564
  2.464998880316468E+03   5.5950451E-18   3.2538341E-17   2564
  2.466549162161188E+03  -1.8096609E-17   3.4755171E-17   2564
  2.468099448635325E+03  -1.0462301E-17   3.0916223E-17   2564
  2.469649739738922E+03  -1.9498624E-17   3.4683031E-17   2564
  2.471200035472020E+03  -2.2009170E-17   2.7393681E-17   2564
  2.472750335834661E+03   4.4707580E-17   4.6798491E-17   2564
  2.474300640826886E+03   3.6674713E-17   3.8806093E-17   2564
  2.475850950448736E+03   2.0798296E-19   4.0166779E-17   2564
  2.477401264700253E+03  -3.0013249E-17   2.5810915E-17   2564
  2.478951583581479E+03  -6.7261348E-18   3.7963590E-17   2564
  2.480501907092455E+03   2.4131287E-17   3.7299139E-17   2564
  2.482052235233221E+03   3.6608996E-17   4.4574990E-17   2564
  2.483602568003821E+03  -6.7234845E-18   2.9814283E-17   2564
  2.485152905404296E+03  -3.8878518E-17   3.2691326E-17   2564
  2.486703247434686E+03   8.1877937E-17   4.5420504E-17   2564
  2.488253594095033E+03   1.4497071E-17   4.0702044E-17   2564
  2.489803945385379E+03   3.3930677E-17   3.7987939E-17   3588
  2.491354301305765E+03  -8.5656321E-21   3.9318710E-17   2564
  2.492904661856234E+03   2.0748856E-17   3.7064550E-17   2564
  2.494455027036825E+03  -4.7451858E-17   3.1414692E-17   2564
  2.496005396847581E+03  -4.6951701E-17   2.0922524E-17   2564
  2.497555771288543E+03   5.7340458E-17   4.8128839E-17   2564
  2.499106150359754E+03   5.1445195E-17   4.2142721E-17   2564
  2.500656534061253E+03   2.3768767E-17   4.3941323E-17   2564
  2.502206922393083E+03   5.0743319E-17   4.1011330E-17   2564
  2.503757315355285E+03   6.5272557E-17   4.8072071E-17   2564
  2.505307712947901E+03   3.6385124E-17   4.0006140E-17   2564
  2.506858115170971E+03  -3.5004212E-17   3.2394868E-17   2564
  2.508408522024539E+03   3.5743487E-17   3.8710507E-17   2564
  2.509958933508644E+03   9.3741963E-18   4.0658409E-17   2564
  2.511509349623330E+03  -2.5603538E-17   2.6728884E-17   2564
  2.513059770368636E+03  -3.9278460E-17   3.2059734E-17   2564
  2.514610195744605E+03   3.9838524E-17   3.9176879E-17   2564
  2.516160625751278E+03  -2.4231194E-17   3.5291105E-17   2564
  2.517711060388696E+03  -3.3587977E-18   3.3343654E-17   2564
  2.519261499656902E+03   9.0610218E-17   5.2144321E-17   2564
  2.520811943555937E+03   4.6895896E-17   4.2797034E-17   2564
  2.522362392085840E+03   7.9698005E-17   5.0676300E-17   2564
  2.523912845246656E+03  -1.6348811E-17   2.9456431E-17   2564
  2.525463303038425E+03   6.3394520E-17   4.7800680E-17   2564
  2.527013765461188E+03   5.7098425E-17   4.2429131E-17   2564
  2.528564232514987E+03  -2.7758646E-17   3.4640385E-17   2564
  2.530114704199864E+03   2.0841017E-17   3.8315069E-17   2564
  2.531665180515860E+03   1.9074340E-17   4.2612669E-17   2564
  2.533215661463016E+03  -3.9489146E-17   2.4922965E-17   2564
  2.534766147041375E+03   4.2624038E-17   4.5345502E-17   2564
  2.536316637250976E+03  -3.5391468E-17   2.6322839E-17   2564
  2.537867132091864E+03   2.2090432E-17   4.2388152E-17   2564
  2.539417631564077E+03  -4.1735514E-17   2.6318068E-17   2564
  2.540968135667658E+03  -7.0276418E-17   2.7254832E-17   2564
  2.542518644402649E+03   1.5910561E-18   3.3869006E-17   2564
  2.544069157769091E+03   7.0705447E-18   4.0781106E-17   2564
  2.545619675767025E+03   4.3537192E-17   4.0620319E-17   2564
  2.547170198396494E+03   5.8778640E-18   4.0615782E-17   2564
  2.548720725657538E+03   4.8203232E-17   4.1509971E-17   2564
  2.550271257550200E+03   1.2597151E-17   4.1845330E-17   2564
  2.551821794074519E+03   6.1091606E-18   3.7098998E-17   2564
  2.553372335230539E+03   1.5741780E-17   4.2259794E-17   2564
  2.554922881018300E+03   7.0347782E-18   3.6531069E-17   2564
  2.556473431437845E+03  -5.8500172E-17   2.8357727E-17   2564
  2.558023986489214E+03  -4.7167529E-17   2.3338603E-17   2564
  2.559574546172449E+03   5.4630604E-17   4.6822284E-17   2564
  2.561125110487591E+03  -6.9218172E-18   3.2998667E-17   2564
  2.562675679434683E+03  -3.1354159E-17   3.4136553E-17   2564
  2.564226253013766E+03   2.9237791E-17   3.9806360E-17   2564
  2.565776831224881E+03  -4.1749738E-17   3.4817627E-17   2564
  2.567327414068069E+03   1.3906565E-17   3.7718053E-17   2564
  2.568878001543372E+03  -3.0340975E-17   3.4959621E-17   2564
  2.570428593650832E+03  -4.3190306E-17   2.6648176E-17   2564
  2.571979190390491E+03  -2.6342526E-17   3.5017470E-17   2564
  2.573529791762388E+03   1.3046868E-18   3.4114920E-17   2564
  2.575080397766567E+03  -1.5844277E-17   3.7613610E-17   2564
  2.576631008403069E+03   8.3751450E-18   3.5340120E-17   2564
  2.578181623671935E+03  -4.9962714E-18   3.8520034E-17   2564
  2.579732243573207E+03   1.6229042E-17   3.8050821E-17   2564
  2.581282868106926E+03  -2.2369429E-17   3.7591627E-17   2564
  2.582833497273135E+03  -1.4383180E-17   3.2268345E-17   2564
  2.584384131071873E+03   9.8448183E-18   4.0933410E-17   2564
  2.585934769503182E+03  -5.1723812E-17   2.4449556E-17   2564
  2.587485412567105E+03  -3.9050608E-17   3.4150403E-17   2564
  2.589036060263684E+03   3.4667623E-17   4.1163005E-17   2564
  2.590586712592959E+03  -3.6652438E-19   4.0039919E-17   2564
  2.592137369554971E+03   1.3950590E-17   3.7435849E-17   2564
  2.593688031149764E+03  -6.4313135E-18   3.8608285E-17   2564
  2.595238697377377E+03  -1.4793751E-17   3.1886449E-17   2564
  2.596789368237852E+03  -2.8343112E-17   3.5936395E-17   2564
  2.598340043731232E+03  -1.7876023E-17   3.1699268E-17   2564
  2.599890723857557E+03  -1.6081213E-17   3.7263355E-17   2564
  2.601441408616869E+03   1.5514395E-18   3.5245729E-17   2564
  2.602992098009210E+03   5.2264881E-17   4.7904633E-17   2564
  2.604542792034621E+03   4.7328280E-17   4.3959614E-17   2564
  2.606093490693144E+03   6.2976721E-17   5.0216888E-17   2564
  2.607644193984819E+03  -4.3098694E-17   2.6981141E-17   2564
  2.609194901909690E+03   5.6944695E-17   4.8707746E-17   2564
  2.610745614467796E+03  -2.7390164E-17   3.0422829E-17   2564
  2.612296331659181E+03   7.9049211E-17   5.0643663E-17   2564
  2.613847053483884E+03   1.3629546E-18   3.5483927E-17   2564
  2.615397779941949E+03   6.9188679E-18   4.1411126E-17   2564
  2.616948511033416E+03   5.9343009E-17   4.5417165E-17   2564
  2.618499246758327E+03  -4.6214382E-17   3.4501640E-17   2564
  2.620049987116723E+03  -3.3441992E-17   2.9915027E-17   2564
  2.621600732108646E+03   4.2924893E-17   4.7442100E-17   2564
  2.623151481734138E+03  -4.9091350E-17   2.5378447E-17   2564
  2.624702235993239E+03  -1.6639449E-17   3.9259686E-17   2564
  2.626252994885993E+03   7.2942209E-18   3.6256521E-17   2564
  2.627803758412439E+03   1.4399159E-18   4.1961681E-17   2564
  2.629354526572620E+03   1.1410636E-17   3.8773360E-17   2564
  2.630905299366577E+03  -3.5142610E-17   3.7233679E-17   2564
  2.632456076794352E+03  -2.9592575E-17   3.0667741E-17   2564
  2.634006858855986E+03  -1.0032672E-17   3.9909883E-17   2564
  2.635557645551521E+03   4.7663874E-17   4.3285293E-17   2564
  2.637108436880998E+03  -1.7456244E-17   3.9114737E-17   2564
  2.638659232844459E+03  -4.0119441E-17   2.9120834E-17   2564
  2.640210033441946E+03  -8.9410316E-18   3.9833928E-17   2564
  2.641760838673500E+03   6.2687932E-18   3.7761195E-17   2564
  2.643311648539161E+03  -8.9793003E-18   4.1349065E-17   2564
  2.644862463038973E+03  -9.1512224E-18   3.5070555E-17   2564
  2.646413282172977E+03   5.7585429E-17   4.9728007E-17   2564
  2.647964105941214E+03   6.6177729E-18   3.8402111E-17   2564
  2.649514934343726E+03  -5.8605918E-17   3.3156099E-17   2564
  2.651065767380553E+03   1.5011981E-17   3.9247311E-17   2564
  2.652616605051738E+03  -6.2685655E-19   4.2087846E-17   2564
  2.654167447357323E+03  -2.1052268E-17   3.4652670E-17   2564
  2.655718294297348E+03   5.9831880E-18   4.2842506E-17   2564
  2.657269145871856E+03  -5.2308162E-17   2.8323428E-17   2564
  2.658820002080889E+03  -1.5324917E-17   4.0865118E-17   2564
  2.660370862924486E+03  -3.8609211E-17   3.0875598E-17   2564
  2.661921728402690E+03   3.6436131E-17   4.6941242E-17   2564
  2.663472598515543E+03   1.6609218E-17   4.0215490E-17   2564
  2.665023473263087E+03   1.0878401E-17   4.3839289E-17   2564
  2.666574352645362E+03   1.0652930E-17   3.9127810E-17   2564
  2.668125236662410E+03   1.7663967E-17   4.5464093E-17   2564
  2.669676125314273E+03   4.8286589E-17   4.4886086E-17   2564
  2.671227018600992E+03  -2.7185259E-17   3.8700604E-17   2564
  2.672777916522610E+03   5.4782075E-18   3.9705947E-17   2564
  2.674328819079166E+03   4.2494472E-17   4.7762775E-17   2564
  2.675879726270704E+03   4.5616040E-17   4.5514455E-17   2564
  2.677430638097264E+03   3.8486206E-17   4.8169450E-17   2564
  2.678981554558889E+03   4.2919775E-17   4.5351623E-17   2564
  2.680532475655619E+03  -3.8509331E-17   3.7524764E-17   2564
  2.682083401387496E+03   9.3180837E-18   4.0125810E-17   2564
  2.683634331754563E+03   6.2384870E-17   5.1117145E-17   2564
  2.685185266756860E+03   7.1253431E-17   4.8286248E-17   2564
  2.686736206394429E+03  -4.1680814E-17   3.6956732E-17   2564
  2.688287150667310E+03   3.9812706E-17   4.4635149E-17   2564
  2.689838099575548E+03   1.2676023E-17   4.5650814E-17   2564
  2.691389053119182E+03  -5.1527026E-17   3.0289544E-17   2564
  2.692940011298253E+03   3.0334573E-17   4.8165642E-17   2564
  2.694490974112805E+03   7.7460283E-17   5.0979369E-17   2564
  2.696041941562878E+03   1.0941827E-16   5.7664302E-17   2564
  2.697592913648515E+03   1.9614858E-17   4.4858858E-17   2564
  2.699143890369755E+03  -4.8141776E-20   4.4544027E-17   2564
  2.700694871726641E+03  -6.2761998E-18   3.9988531E-17   2564
  2.702245857719215E+03  -3.3128607E-17   3.9074679E-17   2564
  2.703796848347518E+03  -2.0815181E-17   3.6583512E-17   2564
  2.705347843611592E+03  -4.4043397E-17   3.7651084E-17   2564
  2.706898843511478E+03   2.9637630E-17   4.4352041E-17   2564
  2.708449848047218E+03   4.4423738E-17   5.0173169E-17   2564
  2.710000857218854E+03  -2.4792812E-17   3.5839023E-17   2564
  2.711551871026426E+03  -1.3787887E-17   4.2890284E-17   2564
  2.713102889469977E+03   6.6653569E-18   4.1870400E-17   2564
  2.714653912549548E+03  -3.3957366E-17   4.0565470E-17   2564
  2.716204940265181E+03   4.7334031E-17   4.7326550E-17   2564
  2.717755972616916E+03  -4.1146657E-17   3.9561276E-17   2564
  2.719307009604797E+03  -2.6579340E-17   3.5877513E-17   2564
  2.720858051228864E+03   1.3012249E-18   4.5348010E-17   2564
  2.722409097489159E+03   1.6591258E-17   4.3026772E-17   2564
  2.723960148385724E+03   7.9272550E-17   5.4432624E-17   2564
  2.725511203918600E+03  -1.4138017E-17   3.8214239E-17   2564
  2.727062264087829E+03  -7.5081384E-17   3.3265816E-17   2564
  2.728613328893452E+03   5.0274702E-18   4.0465239E-17   2564
  2.730164398335510E+03  -9.7535323E-18   4.4472787E-17   2564
  2.731715472414046E+03  -5.0017891E-18   4.0337959E-17   2564
  2.733266551129102E+03   1.3087298E-17   4.7381597E-17   2564
  2.734817634480717E+03   2.7999210E-17   4.5185681E-17   2564
  2.736368722468936E+03  -6.9804276E-17   3.6080437E-17   2564
  2.737919815093797E+03   3.5392636E-17   4.6620220E-17   2564
  2.739470912355344E+03   7.4424649E-17   5.4893803E-17   2564
  2.741022014253618E+03  -8.3596851E-17   2.6180984E-17   2564
  2.742573120788661E+03  -4.4964158E-17   3.9766271E-17   2564
  2.744124231960513E+03  -2.2926896E-17   3.8388231E-17   2564
  2.745675347769217E+03   5.8364884E-18   4.6975594E-17   2564
  2.747226468214816E+03   3.6990657E-17   4.8121470E-17   2564
  2.748777593297348E+03  -7.6165338E-19   4.7525970E-17   2564
  2.750328723016857E+03   2.9721263E-18   4.3513654E-17   2564
  2.751879857373384E+03   2.5885183E-17   4.9882548E-17   2564
  2.753430996366970E+03  -6.7868052E-17   3.1037934E-17   2564
  2.754982139997657E+03   7.2543071E-17   5.7635986E-17   2564
  2.756533288265488E+03  -2.8338400E-17   3.8244077E-17   2564
  2.758084441170503E+03  -1.5541235E-17   4.4817807E-17   2564
  2.759635598712744E+03  -3.2336095E-17   3.6833473E-17   2564
  2.761186760892252E+03  -1.8888277E-17   4.4724968E-17   2564
  2.762737927709069E+03  -3.4999580E-17   3.6914999E-17   2564
  2.764289099163237E+03   1.0920538E-16   6.0891524E-17   2564
  2.765840275254797E+03  -2.4393352E-18   4.2555246E-17   2564
  2.767391455983792E+03   8.5820306E-17   5.7979729E-17   2564
  2.768942641350262E+03  -4.4063762E-17   3.6661366E-17   2564
  2.770493831354249E+03  -7.0472479E-18   4.6261039E-17   2564
  2.772045025995795E+03   4.3686995E-17   5.0349508E-17   2564
  2.773596225274940E+03  -3.9291473E-17   4.3180585E-17   2564
  2.775147429191728E+03   4.8965621E-17   5.1105068E-17   2564
  2.776698637746199E+03  -8.6367039E-17   3.5566344E-17   2564
  2.778249850938396E+03   1.0884063E-17   4.5686734E-17   2564
  2.779801068768359E+03  -2.6446203E-17   4.6312443E-17   2564
  2.781352291236130E+03   1.1737998E-17   4.7896924E-17   2564
  2.782903518341751E+03   2.0772648E-17   5.1560090E-17   2564
  2.784454750085264E+03   2.0004983E-17   4.7899822E-17   2564
  2.786005986466710E+03   1.9027945E-17   5.2085760E-17   2564
  2.787557227486129E+03   1.6318551E-17   4.8381050E-17   2564
  2.789108473143566E+03   6.8309654E-17   5.7038199E-17   2564
  2.790659723439061E+03   4.4244620E-17   5.0673061E-17   3588
  2.792210978372655E+03  -1.3514983E-18   4.9283940E-17   3588
  2.793762237944390E+03   3.8333032E-17   5.0226794E-17   2564
  2.795313502154307E+03  -1.5279857E-17   4.7687204E-17   2564
  2.796864771002449E+03   4.1446963E-17   5.0714427E-17   2564
  2.798416044488857E+03  -8.0871827E-17   3.7971541E-17   2564
  2.799967322613572E+03  -6.9353377E-17   3.4738082E-17   2564
  2.801518605376637E+03   5.9207074E-17   5.6874424E-17   2564
  2.803069892778092E+03  -6.9461612E-17   3.4046403E-17   2564
  2.804621184817979E+03   4.7885641E-17   5.6645533E-17   2564
  2.806172481496340E+03  -1.8573785E-17   4.3422403E-17   2564
  2.807723782813217E+03  -1.2906967E-17   5.0284538E-17   2564
  2.809275088768651E+03  -7.0533585E-17   3.5867557E-17   2564
  2.810826399362684E+03  -1.8139894E-17   4.9583413E-17   2564
  2.812377714595357E+03  -7.4248261E-18   4.6137759E-17   2564
  2.813929034466712E+03   4.2928692E-17   5.8572057E-17   2564
  2.815480358976791E+03   1.2350761E-17   4.9857865E-17   2564
  2.817031688125634E+03  -2.6840385E-17   4.9810017E-17   2564
  2.818583021913285E+03   3.5319517E-17   5.2664995E-17   2564
  2.820134360339784E+03   4.2774489E-17   5.6674544E-17   2564
  2.821685703405173E+03  -5.4813405E-17   3.7168401E-17   2564
  2.823237051109494E+03   5.7927379E-17   5.8806837E-17   2564
  2.824788403452788E+03   4.8331793E-17   5.3921211E-17   2564
  2.826339760435097E+03  -4.8326876E-17   4.5182471E-17   2564
  2.827891122056461E+03   1.1737096E-17   4.8856288E-17   2564
  2.829442488316925E+03   1.3552980E-17   5.3885513E-17   2564
  2.830993859216528E+03  -4.3594003E-17   4.1466455E-17   2564
  2.832545234755313E+03   8.0798605E-17   6.2582096E-17   2564
  2.834096614933320E+03  -6.1464099E-17   3.9240605E-17   2564
  2.835647999750592E+03  -4.6465210E-17   4.7289112E-17   2564
  2.837199389207170E+03   3.1695986E-17   5.2462177E-17   2564
  2.838750783303096E+03   6.2080375E-17   6.1926903E-17   2564
  2.840302182038412E+03  -4.3693020E-17   4.2275404E-17   2564
  2.841853585413158E+03   1.7624987E-17   5.5888465E-17   2564
  2.843404993427378E+03   6.5790909E-17   5.7115974E-17   2564
  2.844956406081111E+03  -2.2811279E-17   5.0641843E-17   2564
  2.846507823374400E+03  -4.3678253E-17   4.2778109E-17   2564
  2.848059245307287E+03  -2.1108734E-17   5.0637135E-17   3588
  2.849610671879813E+03  -6.7050605E-17   3.8721661E-17   2564
  2.851162103092021E+03  -3.4782455E-17   5.0040778E-17   2564
  2.852713538943950E+03  -1.8611792E-17   4.7364435E-17   2564
  2.854264979435643E+03   1.4878824E-17   5.7381420E-17   2564
  2.855816424567142E+03   4.3433500E-17   5.5729031E-17   2564
  2.857367874338489E+03   4.5160839E-17   6.0950638E-17   2564
  2.858919328749725E+03  -4.8424745E-17   4.4699322E-17   2564
  2.860470787800890E+03   8.0828953E-17   6.4866921E-17   2564
  2.862022251492029E+03  -6.9400248E-17   3.9963994E-17   2564
  2.863573719823180E+03   3.8892679E-17   6.0402753E-17   2564
  2.865125192794388E+03   2.0450732E-17   5.3503415E-17   2564
  2.866676670405693E+03   5.5072087E-17   6.2682337E-17   2564
  2.868228152657136E+03  -4.9412759E-17   4.5228400E-17   2564
  2.869779639548760E+03  -4.0004817E-17   5.0972246E-17   2564
  2.871331131080606E+03   1.7455182E-17   5.4864978E-17   2564
  2.872882627252715E+03   1.3193989E-16   7.2901320E-17   2564
  2.874434128065130E+03  -2.8798071E-17   4.7369004E-17   3588
  2.875985633517892E+03  -7.4722719E-17   4.7723438E-17   2564
  2.877537143611041E+03  -6.3481864E-17   4.4011901E-17   2564
  2.879088658344622E+03   8.6550217E-17   6.9140289E-17   2564
  2.880640177718673E+03  -3.0386162E-17   5.1061492E-17   2564
  2.882191701733239E+03  -7.0336273E-17   4.9056343E-17   2564
  2.883743230388360E+03  -2.9073208E-17   4.9000499E-17   2564
  2.885294763684077E+03  -3.6939051E-17   5.5969231E-17   2564
  2.886846301620433E+03   2.4454546E-17   5.8276330E-17   2564
  2.888397844197469E+03  -5.2476285E-17   5.3878125E-17   2564
  2.889949391415226E+03   5.4771154E-19   5.4230401E-17   2564
  2.891500943273747E+03  -4.4086311E-17   5.5135433E-17   2564
  2.893052499773073E+03  -7.7396271E-18   5.3398946E-17   2564
  2.894604060913245E+03   1.5806872E-17   6.2770971E-17   2564
  2.896155626694305E+03   3.8296705E-17   6.0260187E-17   2564
  2.897707197116295E+03  -3.6150883E-17   5.8646298E-17   2564
  2.899258772179257E+03   7.4119135E-17   6.5611768E-17   2564
  2.900810351883233E+03   2.1992678E-17   6.4208975E-17   2564
  2.902361936228262E+03   1.7887088E-17   5.8032669E-17   2564
  2.903913525214388E+03   7.3586338E-17   6.9921551E-17   2564
  2.905465118841652E+03   5.7308640E-18   5.9549434E-17   2564
  2.907016717110097E+03   2.0941272E-17   6.5601636E-17   2564
  2.908568320019762E+03  -1.2356575E-17   5.5402221E-17   2564
  2.910119927570691E+03   6.6061635E-17   7.1711993E-17   2564
  2.911671539762924E+03  -3.2734173E-18   5.6708948E-17   2564
  2.913223156596504E+03  -1.2680107E-16   4.4965125E-17   2564
  2.914774778071472E+03  -7.9838884E-17   4.6181275E-17   2564
  2.916326404187869E+03   3.2613286E-19   6.5559755E-17   2564
  2.917878034945737E+03  -9.7123279E-17   4.3808422E-17   2564
  2.919429670345119E+03  -5.2558944E-17   5.7909710E-17   2564
  2.920981310386055E+03   5.6586818E-18   5.9821669E-17   2564
  2.922532955068587E+03  -2.8175022E-17   6.1085971E-17   2564
  2.924084604392758E+03   3.6410274E-17   6.4066283E-17   2564
  2.925636258358608E+03  -2.5977316E-17   6.1525601E-17   2564
  2.927187916966179E+03  -7.1711894E-17   4.6873017E-17   3588
  2.928739580215513E+03  -1.7560580E-17   6.3393779E-17   3588
  2.930291248106652E+03   3.1456491E-17   6.5975972E-17   2564
  2.931842920639637E+03  -1.0307091E-16   5.3626966E-17   2564
  2.933394597814509E+03   2.9678062E-17   6.4343779E-17   2564
  2.934946279631311E+03  -7.2774867E-17   5.7174618E-17   2564
  2.936497966090085E+03  -7.0889504E-17   5.1096502E-17   2564
  2.938049657190871E+03   3.5548974E-17   7.0896975E-17   2564
  2.939601352933711E+03  -4.5269057E-17   5.5810498E-17   2564
  2.941153053318649E+03   1.0067089E-16   7.9048761E-17   2564
  2.942704758345724E+03   3.2084880E-17   6.9050258E-17   2564
  2.944256468014978E+03   6.9748266E-18   6.9646596E-17   2564
  2.945808182326453E+03  -4.5740345E-17   5.7624631E-17   2564
  2.947359901280191E+03  -1.2556493E-16   5.3288841E-17   2564
  2.948911624876234E+03  -1.1284554E-16   4.7525871E-17   2564
  2.950463353114623E+03  -1.5881649E-17   6.7990316E-17   2564
  2.952015085995400E+03  -7.4139384E-17   5.4296387E-17   2564
  2.953566823518606E+03   3.7208797E-17   7.4759101E-17   2564
  2.955118565684283E+03  -1.0416165E-16   5.1198430E-17   3588
  2.956670312492473E+03   3.4263926E-18   7.0806052E-17   2564
  2.958222063943218E+03  -3.3673520E-17   6.0902761E-17   2564
  2.959773820036559E+03   6.6626414E-17   7.9481217E-17   2564
  2.961325580772537E+03   8.5558149E-17   7.7457768E-17   2564
  2.962877346151196E+03  -7.1938025E-17   6.5014206E-17   2564
  2.964429116172575E+03   3.5814631E-17   7.1726750E-17   2564
  2.965980890836717E+03   2.1475519E-17   7.7677388E-17   2564
  2.967532670143663E+03   5.1895201E-17   7.5688111E-17   2564
  2.969084454093456E+03  -6.0708175E-17   6.8486134E-17   2564
  2.970636242686137E+03   2.7057794E-17   7.4087517E-17   2564
  2.972188035921748E+03   3.8464325E-17   8.1540454E-17   2564
  2.973739833800330E+03  -7.7747692E-17   5.9718668E-17   2564
  2.975291636321924E+03  -1.5963176E-16   5.6538457E-17   2564
  2.976843443486572E+03   4.5725962E-17   7.9463867E-17   2564
  2.978395255294317E+03  -5.9835764E-17   7.0453884E-17   2564
  2.979947071745200E+03   3.2654073E-17   7.8936622E-17   2564
  2.981498892839264E+03  -5.5393384E-17   7.2420569E-17   2564
  2.983050718576547E+03  -1.3827421E-17   7.1779438E-17   2564
  2.984602548957094E+03  -6.0959141E-17   7.3766961E-17   2564
  2.986154383980946E+03  -6.4422295E-17   6.6228097E-17   2564
  2.987706223648144E+03   3.9182745E-17   8.7035646E-17   2564
  2.989258067958729E+03  -6.3512648E-17   6.7364808E-17   2564
  2.990809916912745E+03   5.7097639E-18   8.4757306E-17   2564
  2.992361770510232E+03  -4.2807560E-17   7.2236717E-17   2564
  2.993913628751232E+03   7.9852261E-18   8.6572524E-17   2564
  2.995465491635787E+03   5.1143072E-18   8.2453674E-17   2564
  2.997017359163938E+03   2.5832682E-17   8.9322377E-17   2564
  2.998569231335727E+03   1.9293706E-16   1.0342254E-16   2564
  3.000121108151196E+03   3.3791956E-17   9.1256656E-17   2564
  3.001672989610386E+03  -5.4323681E-17   7.4313873E-17   2564
  3.003224875713340E+03   1.5651263E-16   1.0515902E-16   2564
  3.004776766460099E+03   1.1224916E-16   9.4634968E-17   2564
  3.006328661850704E+03   1.3864136E-17   9.0690646E-17   2564
  3.007880561885197E+03  -4.9948140E-17   7.5233552E-17   2564
  3.009432466563620E+03  -7.5550766E-17   8.0829363E-17   2564
  3.010984375886014E+03   4.7340781E-17   8.9965805E-17   3588
  3.012536289852423E+03   3.0129973E-16   1.2073826E-16   2564
  3.014088208462886E+03  -1.0548769E-16   7.1158775E-17   2564
  3.015640131717445E+03  -7.3500675E-17   8.3903921E-17   2564
  3.017192059616144E+03  -5.5965962E-17   7.8203336E-17   2564
  3.018743992159021E+03   1.1531791E-16   1.0597821E-16   2564
  3.020295929346121E+03   1.4934981E-17   8.8232484E-17   2564
  3.021847871177485E+03   1.2454563E-16   1.0761256E-16   2564
  3.023399817653153E+03   3.3893120E-17   9.2954911E-17   2564
  3.024951768773168E+03   3.3093590E-17   9.9895638E-17   2564
  3.026503724537572E+03   8.1512568E-17   1.0015513E-16   2564
  3.028055684946406E+03  -2.4633422E-17   9.4687246E-17   2564
  3.029607649999712E+03  -4.2658502E-17   8.5532163E-17   2564
  3.031159619697532E+03  -6.2551411E-17   9.0533502E-17   2564
  3.032711594039907E+03   8.0182395E-17   1.0233380E-16   2564
  3.034263573026878E+03  -3.5672184E-17   1.0013840E-16   2564
  3.035815556658489E+03  -2.0510967E-17   9.6756918E-17   3588
  3.037367544934780E+03   2.7488989E-17   1.0929072E-16   2564
  3.038919537855793E+03  -1.8684315E-16   7.5969604E-17   3588
  3.040471535421570E+03  -1.1040706E-16   9.5346906E-17   2564
  3.042023537632153E+03  -6.6694171E-18   1.1057353E-16   3588
  3.043575544487583E+03   1.0345890E-16   1.2937625E-16   3588
  3.045127555987901E+03   2.6201289E-16   1.3617292E-16   3588
  3.046679572133151E+03  -7.9076521E-17   1.0756603E-16   3652
  3.048231592923373E+03  -1.1647132E-16   8.4405417E-17   3652
  3.049783618358608E+03   9.3829850E-17   1.2198336E-16   3652
  3.051335648438900E+03   3.5067233E-17   1.0834212E-16   2628
  3.052887683164289E+03   6.5982000E-17   1.1617977E-16   2628
  3.054439722534817E+03   2.5296931E-18   1.0238909E-16   2628
  3.055991766550526E+03  -1.9949831E-16   8.5213235E-17   2628
  3.057543815211458E+03  -1.4926335E-17   1.0179435E-16   2628
  3.059095868517654E+03   1.5268579E-16   1.3073698E-16   2628
  3.060647926469156E+03   1.0181067E-16   1.1734112E-16   2628
  3.062199989066005E+03  -4.3825812E-17   1.0837004E-16   2628
  3.063752056308244E+03   2.3944003E-17   1.1242799E-16   2628
  3.065304128195914E+03   6.9963115E-17   1.2274545E-16   2628
  3.066856204729057E+03  -1.3353743E-16   9.1656330E-17   2628
  3.068408285907716E+03  -8.8586398E-17   1.0427136E-16   2628
  3.069960371731930E+03   2.2115163E-17   1.1528241E-16   2628
  3.071512462201742E+03  -1.7275668E-16   9.8235314E-17   2628
  3.073064557317193E+03   1.6229969E-16   1.3102967E-16   2628
  3.074616657078326E+03   2.3692332E-17   1.2539014E-16   2628
  3.076168761485183E+03  -1.6642055E-17   1.1410293E-16   2628
  3.077720870537803E+03  -1.9205461E-16   9.7819527E-17   2628
  3.079272984236231E+03   8.4863311E-17   1.2744165E-16   2628
  3.080825102580507E+03   3.6525791E-17   1.2881034E-16   2628
  3.082377225570673E+03  -1.2353548E-16   1.0462837E-16   2628
  3.083929353206770E+03   6.4846407E-17   1.3642188E-16   2628
  3.085481485488842E+03   1.4677097E-16   1.3941863E-16   2628
  3.087033622416928E+03  -2.8224733E-17   1.2613136E-16   2628
  3.088585763991071E+03  -4.5826253E-17   1.1754348E-16   2628
  3.090137910211313E+03   1.2342819E-16   1.4509558E-16   2628
  3.091690061077696E+03  -6.9920088E-17   1.1510699E-16   2628
  3.093242216590259E+03   2.4165953E-16   1.6178781E-16   2628
  3.094794376749048E+03   1.4931321E-16   1.4823124E-16   2628
  3.096346541554101E+03   2.2636016E-17   1.4054311E-16   2628
  3.097898711005462E+03  -1.7218555E-16   1.0979052E-16   2628
  3.099450885103171E+03   1.2681019E-16   1.5587861E-16   2628
  3.101003063847272E+03  -9.1158606E-17   1.2274811E-16   2628
  3.102555247237805E+03   2.2191728E-18   1.4402121E-16   2628
  3.104107435274812E+03  -1.4860437E-16   1.1719614E-16   2628
  3.105659627958335E+03  -1.4845334E-16   1.2656810E-16   2628
  3.107211825288415E+03  -1.0878230E-16   1.2785679E-16   2628
  3.108764027265095E+03   2.0976488E-17   1.5214349E-16   2628
  3.110316233888415E+03  -6.0876337E-17   1.3541464E-16   2628
  3.111868445158419E+03  -2.8261392E-16   1.0974615E-16   2628
  3.113420661075147E+03   2.0360664E-16   1.6924200E-16   2628
  3.114972881638642E+03  -1.9754110E-17   1.5320554E-16   2628
  3.116525106848944E+03  -1.1562999E-16   1.3225157E-16   2628
  3.118077336706096E+03   4.5936390E-17   1.5971371E-16   2628
  3.119629571210139E+03   1.9879071E-16   1.7329779E-16   2628
  3.121181810361116E+03   7.6625995E-17   1.6864898E-16   2628
  3.122734054159067E+03  -2.7835968E-17   1.5349271E-16   2628
  3.124286302604036E+03  -1.1623841E-17   1.6125410E-16   2628
  3.125838555696062E+03  -2.3156976E-16   1.2688918E-16   2628
  3.127390813435189E+03   1.8508651E-16   1.8906842E-16   2628
  3.128943075821458E+03   3.0558712E-17   1.6492001E-16   2628
  3.130495342854910E+03   6.7862572E-17   1.7859565E-16   2628
  3.132047614535587E+03   9.9217330E-17   1.7735405E-16   2628
  3.133599890863532E+03  -2.9515308E-16   1.3491359E-16   2628
  3.135152171838786E+03  -3.8090529E-17   1.6277909E-16   2628
  3.136704457461389E+03  -4.5194073E-19   1.7781829E-16   2628
  3.138256747731386E+03  -2.3687840E-16   1.3785068E-16   2628
  3.139809042648817E+03  -2.0401171E-16   1.5541833E-16   2628
  3.141361342213722E+03   7.0747388E-17   1.8419013E-16   2628
  3.142913646426146E+03   1.2913081E-16   1.9861205E-16   2628
  3.144465955286129E+03  -6.8838268E-17   1.7070645E-16   2628
  3.146018268793713E+03  -2.1899136E-16   1.9107361E-16   2628
  3.147570586948939E+03  -6.9287253E-16   1.5317049E-16   2628
  3.149122909751851E+03  -5.3409123E-16   1.7648396E-16   2628
  3.150675237202488E+03   7.8263224E-17   2.0134043E-16   2628
  3.152227569300894E+03  -1.1805882E-16   1.1734501E-16   2628
  3.153779906047109E+03  -6.2089434E-17   1.0760126E-16   2628
  3.155332247441176E+03   2.3892756E-16   2.3408618E-16   2628
  3.156884593483136E+03   1.2915357E-15   4.1954495E-16   2644
  3.158436944173030E+03   2.3975387E-16   2.8726394E-16   2644
