

  2.895844466950300E+03   8.3917206E-15   5.1307183E-15   2576
  2.898589146350649E+03  -2.5699356E-14   4.7908908E-15  18960
  2.901333851135944E+03   4.6552867E-15   3.4109570E-15    512
  2.904078581242839E+03  -4.3412624E-15   3.6622562E-15  16912
  2.906823336607983E+03   1.8583221E-16   2.5365471E-15    512
  2.909568117168018E+03   9.6938499E-15   2.4866831E-15    512
  2.912312922859579E+03   1.2031174E-14   2.3649160E-15    512
  2.915057753619300E+03  -2.7086847E-15   2.3874164E-15  16912
  2.917802609383805E+03   1.7912161E-15   1.6279802E-15    512
  2.920547490089712E+03  -2.3862945E-15   1.4507481E-15    512
  2.923292395673635E+03  -4.8151229E-16   1.2917451E-15    512
  2.926037326072183E+03   3.0232086E-15   1.3046100E-15    528
  2.928782281221955E+03  -1.5755444E-15   1.1546096E-15  16912
  2.931527261059550E+03   2.0853844E-16   9.0500928E-16    512
  2.934272265521558E+03  -2.2595099E-15   7.6848811E-16  16896
  2.937017294544562E+03  -2.4133328E-15   6.8750297E-16  16896
  2.939762348065142E+03  -1.5478676E-15   6.0377874E-16  16896
  2.942507426019872E+03  -8.3704755E-18   5.6009037E-16    512
  2.945252528345318E+03  -2.0901491E-16   5.9808732E-16    512
  2.947997654978044E+03   4.9079868E-16   5.3071278E-16    528
  2.950742805854605E+03   1.2315118E-15   4.1937911E-16    512
  2.953487980911552E+03   2.7687254E-16   3.5834645E-16    512
  2.956233180085430E+03   1.0348835E-16   3.2932384E-16    512
  2.958978403312778E+03   4.9888022E-16   3.0470877E-16    512
  2.961723650530132E+03  -2.9971043E-16   3.3628500E-16    528
  2.964468921674018E+03  -6.6272583E-16   2.5190344E-16  16896
  2.967214216680960E+03  -1.4915076E-16   2.3688052E-16    512
  2.969959535487474E+03   2.1819684E-16   2.3864354E-16    512
  2.972704878030073E+03   2.3752643E-16   2.2464338E-16    768
  2.975450244245262E+03  -2.1357319E-16   2.3613799E-16    512
  2.978195634069544E+03  -5.3686383E-16   2.5776097E-16  16400
  2.980941047439411E+03   6.2662312E-16   2.1444353E-16      0
  2.983686484291354E+03  -2.6998619E-16   1.9150106E-16      0
  2.986431944561858E+03  -2.3436981E-16   1.9108541E-16      0
  2.989177428187401E+03  -1.2818030E-16   1.9415176E-16      0
  2.991922935104456E+03  -2.5520965E-16   1.8972154E-16      0
  2.994668465249493E+03  -4.9028030E-16   1.7841077E-16  16384
  2.997414018558972E+03  -1.1152887E-16   1.7759007E-16      0
  3.000159594969352E+03   3.8865773E-16   2.0116309E-16     16
  3.002905194417083E+03  -2.5156235E-16   1.7743293E-16  16384
  3.005650816838614E+03  -2.8630299E-16   1.6995613E-16  16384
  3.008396462170383E+03  -4.5368509E-16   1.8981287E-16  16400
  3.011142130348829E+03   6.5297035E-17   1.6985654E-16      0
  3.013887821310380E+03  -2.4536424E-16   1.7990947E-16  16384
  3.016633534991462E+03   1.1695189E-15   1.8816866E-16      0
  3.019379271328495E+03   3.6538730E-16   1.7205767E-16      0
  3.022125030257894E+03  -3.0233994E-16   1.5199716E-16  16384
  3.024870811716068E+03  -2.4991800E-16   1.5200323E-16  16384
  3.027616615639421E+03  -3.0598341E-17   1.5611214E-16      0
  3.030362441964351E+03  -2.8116038E-16   1.4797193E-16  16400
  3.033108290627253E+03  -6.3478248E-16   1.7783400E-16  16400
  3.035854161564515E+03   2.0891779E-16   1.6275770E-16      0
  3.038600054712521E+03  -1.0987471E-20   2.0588404E-16     16
  3.041345970007648E+03  -1.0200324E-15   2.6735782E-16  16400
  3.044091907386269E+03   1.2859633E-16   1.3824721E-16      0
  3.046837866784754E+03  -1.0584210E-16   1.3446367E-16      0
  3.049583848139462E+03   2.1324413E-17   1.7858591E-16     16
  3.052329851386754E+03  -1.3358383E-16   1.3480740E-16      0
  3.055075876462980E+03  -2.3111535E-16   1.4156916E-16  16384
  3.057821923304489E+03  -2.9748458E-15   2.0048868E-16  16400
  3.060567991847624E+03   3.1669789E-16   1.4174796E-16     16
  3.063314082028720E+03   1.1902096E-17   1.3602273E-16     16
  3.066060193784111E+03  -3.8794323E-16   1.1883551E-16  16384
  3.068806327050123E+03  -9.0986929E-17   1.2382723E-16      0
  3.071552481763080E+03  -2.6742440E-17   1.1762134E-16      0
  3.074298657859299E+03  -5.5327153E-17   1.2258729E-16      0
  3.077044855275090E+03   2.0912167E-16   1.1912555E-16      0
  3.079791073946763E+03  -8.6807887E-17   1.1275818E-16      0
  3.082537313810619E+03  -2.1590176E-16   1.2546833E-16  16384
  3.085283574802955E+03  -1.5162096E-16   1.2443413E-16  16400
  3.088029856860064E+03  -6.4692896E-17   1.1295523E-16      0
  3.090776159918234E+03   1.0086768E-15   1.2916724E-16      0
  3.093522483913748E+03  -7.7049373E-16   1.3231650E-16  16400
  3.096268828782883E+03  -1.5672539E-16   1.0773026E-16  16384
  3.099015194461913E+03   7.5222144E-17   1.0963777E-16      0
  3.101761580887104E+03   9.3444099E-17   1.1906222E-16      0
  3.104507987994722E+03  -1.2259212E-16   1.0668359E-16      0
  3.107254415721023E+03   1.3013691E-16   1.1263021E-16      0
  3.110000864002263E+03   3.0291314E-16   1.2318056E-16     16
  3.112747332774689E+03   3.7440544E-18   1.0999363E-16      0
  3.115493821974546E+03  -6.3529080E-16   1.9790294E-16  16400
  3.118240331538074E+03   1.0247975E-15   1.2295795E-16      0
  3.120986861401506E+03  -6.2255989E-17   1.0670991E-16      0
  3.123733411501073E+03   7.7067028E-17   1.0968027E-16      0
  3.126479981772999E+03  -1.7753406E-16   1.1591345E-16  16400
  3.129226572153507E+03   2.2128859E-16   1.3121794E-16     16
  3.131973182578809E+03   4.8111323E-16   1.1319666E-16    256
  3.134719812985120E+03   3.5347644E-15   1.6974733E-16     16
  3.137466463308644E+03  -3.4203185E-16   1.2656092E-16  16400
  3.140213133485583E+03  -6.7188459E-16   1.2791943E-16  16400
  3.142959823452136E+03   3.3365276E-16   1.0759766E-16      0
  3.145706533144493E+03  -1.0031021E-16   1.2706703E-16     16
  3.148453262498844E+03   2.5294157E-18   1.1047238E-16      0
  3.151200011451371E+03   3.9759425E-16   1.1016722E-16      0
  3.153946779938253E+03   4.3777013E-16   1.1188385E-16     16
  3.156693567895666E+03   3.2480990E-17   9.7952822E-17      0
  3.159440375259777E+03   8.6849295E-16   1.1268605E-16     16
  3.162187201966753E+03  -5.7516612E-15   1.3659265E-16  17424
  3.164934047952755E+03   1.1589783E-15   1.6416008E-16   1040
  3.167680913153938E+03   5.6417619E-16   1.0356870E-16   1024
  3.170427797506453E+03  -3.3295589E-16   9.3208703E-17  17424
  3.173174700946450E+03  -7.6218427E-17   9.4994163E-17   1024
  3.175921623410070E+03   2.4499316E-16   1.1449692E-16   1040
  3.178668564833451E+03   1.5658607E-15   1.5937887E-16   1040
  3.181415525152728E+03   3.1266468E-19   9.1828748E-17   1024
  3.184162504304030E+03  -1.0421868E-16   9.2022348E-17   1024
  3.186909502223482E+03   6.8409901E-17   9.1432085E-17   1024
  3.189656518847205E+03  -2.3032295E-16   8.6980788E-17  17408
  3.192403554111316E+03  -2.0040675E-16   8.7880628E-17  17408
  3.195150607951926E+03  -6.9221650E-17   8.8383256E-17   1024
  3.197897680305143E+03  -1.4040324E-16   9.1828794E-17  17408
  3.200644771107071E+03  -3.7096057E-16   8.9485146E-17  17424
  3.203391880293809E+03  -3.3593943E-16   1.1913419E-16  17424
  3.206139007801451E+03   5.1233005E-16   1.1318049E-16   1040
  3.208886153566087E+03   2.5817368E-16   9.2134606E-17   1024
  3.211633317523806E+03   5.9260405E-16   1.0325860E-16   1040
  3.214380499610687E+03  -2.9938123E-18   8.2996901E-17   1024
  3.217127699762810E+03   6.0080126E-17   8.6636681E-17   1024
  3.219874917916247E+03  -5.6590397E-17   8.5194441E-17   1024
  3.222622154007069E+03   4.8103282E-16   1.1832582E-16   1040
  3.225369407971340E+03  -9.8252242E-17   8.1518074E-17   1024
  3.228116679745121E+03   3.0025960E-16   8.4022777E-17   1024
  3.230863969264469E+03   1.1848932E-15   1.1714393E-16   1040
  3.233611276465437E+03  -2.0557864E-17   7.9740992E-17   1024
  3.236358601284074E+03  -8.2876688E-17   9.2308486E-17     16
  3.239105943656424E+03  -3.6304767E-16   1.8614376E-16  16400
  3.241853303518528E+03   3.2811071E-16   8.5547270E-17      0
  3.244600680806420E+03  -1.5517587E-16   7.9282588E-17  16384
  3.247348075456135E+03  -2.0588991E-15   8.8510231E-17  16400
  3.250095487403700E+03   6.6460991E-17   8.2364531E-17      0
  3.252842916585139E+03   3.3044013E-16   1.0311182E-16     16
  3.255590362936473E+03   6.9662723E-17   7.8490196E-17      0
  3.258337826393718E+03  -4.4418127E-16   1.0932226E-16  16400
  3.261085306892885E+03   9.1420340E-16   1.5872327E-16     16
  3.263832804369983E+03   2.4415817E-16   7.9715660E-17      0
  3.266580318761016E+03   2.6416864E-16   8.2275738E-17      0
  3.269327850001985E+03  -2.8085813E-16   7.4866125E-17  16384
  3.272075398028885E+03   2.1274535E-16   7.9876921E-17      0
  3.274822962777709E+03  -1.6385715E-17   8.3919002E-17      0
  3.277570544184445E+03  -3.5500562E-16   8.8512746E-17  16400
  3.280318142185079E+03  -3.9690637E-17   7.2821467E-17      0
  3.283065756715589E+03  -9.7040396E-17   7.5454926E-17  16384
  3.285813387711955E+03   1.3586418E-16   7.8447837E-17      0
  3.288561035110149E+03  -4.5248781E-16   1.6750413E-16  16400
  3.291308698846139E+03  -1.0898671E-16   7.7542372E-17  16384
  3.294056378855891E+03   2.0625459E-16   7.6009329E-17      0
  3.296804075075366E+03  -5.5640529E-17   7.9403403E-17      0
  3.299551787440524E+03   1.1649028E-16   8.0847879E-17      0
  3.302299515887316E+03  -2.1121678E-16   8.8521547E-17  16400
  3.305047260351695E+03   3.8729004E-16   8.5964196E-17      0
  3.307795020769606E+03   1.5628084E-15   9.9201541E-17      0
  3.310542797076991E+03  -4.6433901E-16   8.2435073E-17  16400
  3.313290589209791E+03   2.8191276E-16   7.5318401E-17      0
  3.316038397103940E+03   1.4752662E-16   7.4130438E-17      0
  3.318786220695370E+03  -8.5840522E-17   7.2157374E-17  16384
  3.321534059920009E+03  -3.5195680E-16   7.8944840E-17  16400
  3.324281914713782E+03   4.3464219E-17   6.9907436E-17      0
  3.327029785012608E+03  -2.2762999E-16   7.7299903E-17  16400
  3.329777670752406E+03   4.3736438E-16   8.0563031E-17      0
  3.332525571869088E+03  -1.3324985E-16   6.8921238E-17  16384
  3.335273488298566E+03  -1.0522027E-16   7.6801437E-17  16400
  3.338021419976744E+03  -4.8479808E-17   6.7991096E-17      0
  3.340769366839525E+03  -1.0292420E-17   7.2019076E-17      0
  3.343517328822811E+03  -1.0679662E-16   9.2387908E-17  16400
  3.346265305862494E+03  -1.7711254E-16   1.1561315E-16  16400
  3.349013297894468E+03   1.9533547E-16   7.3188656E-17      0
  3.351761304854621E+03  -5.3823984E-17   7.5000764E-17      0
  3.354509326678839E+03   3.3420357E-17   6.7512357E-17      0
  3.357257363303003E+03  -7.9628350E-17   7.1536386E-17  16384
  3.360005414662993E+03   1.5720028E-17   6.9922007E-17      0
  3.362753480694680E+03  -6.0435668E-17   7.9673931E-17      0
  3.365501561333939E+03   1.0527009E-16   6.8281477E-17      0
  3.368249656516636E+03   1.4064623E-16   6.8065642E-17      0
  3.370997766178636E+03  -8.2645375E-17   7.1695926E-17  16400
  3.373745890255800E+03  -7.6915204E-17   6.5496300E-17  16384
  3.376494028683986E+03   8.7275264E-17   6.8449692E-17      0
  3.379242181399049E+03  -1.0527313E-15   1.8893971E-16  16400
  3.381990348336839E+03  -9.5570092E-17   7.3588965E-17  16384
  3.384738529433204E+03   1.8692831E-16   8.1260404E-17      0
  3.387486724623989E+03   4.0779364E-16   7.0783625E-17     16
  3.390234933845034E+03   9.9659430E-16   8.8847503E-17     16
  3.392983157032179E+03   2.9314847E-18   6.3509941E-17      0
  3.395731394121256E+03   1.6443744E-16   6.5864567E-17      0
  3.398479645048099E+03   2.4644111E-16   6.8897819E-17      0
  3.401227909748533E+03   1.2203806E-16   6.6963189E-17      0
  3.403976188158386E+03  -4.9408219E-17   6.8069421E-17     16
  3.406724480213478E+03  -1.6181232E-16   8.1015810E-17  16400
  3.409472785849628E+03   4.6213599E-16   7.3624216E-17      0
  3.412221105002650E+03   3.1544860E-17   6.3206148E-17      0
  3.414969437608358E+03   2.7657759E-16   6.7299891E-17      0
  3.417717783602561E+03   6.8316714E-17   6.4634755E-17      0
  3.420466142921064E+03   4.7042774E-17   6.2521421E-17      0
  3.423214515499669E+03  -1.2028422E-16   6.1846885E-17  16384
  3.425962901274177E+03  -6.5099966E-18   6.0261888E-17      0
  3.428711300180385E+03   1.2059830E-16   6.2406648E-17      0
  3.431459712154085E+03  -1.3873088E-16   7.9201518E-17  16400
  3.434208137131068E+03   2.0406866E-16   6.2270329E-17      0
  3.436956575047121E+03  -1.2644894E-17   6.2085702E-17      0
  3.439705025838030E+03  -1.3563589E-16   6.6657893E-17  16384
  3.442453489439575E+03   4.1962095E-17   6.1438939E-17      0
  3.445201965787533E+03  -2.5743876E-17   6.0979887E-17      0
  3.447950454817682E+03  -5.0198723E-17   6.2009734E-17      0
  3.450698956465794E+03   3.8244109E-16   7.0384408E-17     16
  3.453447470667638E+03   1.5290972E-16   6.6978965E-17      0
  3.456195997358980E+03   1.8266029E-16   6.0665896E-17      0
  3.458944536475583E+03  -3.7484288E-17   5.8512745E-17      0
  3.461693087953210E+03   1.2910998E-16   6.8681905E-17     16
  3.464441651727617E+03  -3.1489109E-16   1.1325327E-16  16400
  3.467190227734559E+03  -8.2025797E-17   6.1656309E-17  16384
  3.469938815909788E+03  -3.4706399E-16   9.4509918E-17  16400
  3.472687416189055E+03   2.2963090E-16   6.3281322E-17      0
  3.475436028508104E+03  -3.6717126E-16   8.0052535E-17  16400
  3.478184652802680E+03   5.4199807E-16   7.2688410E-17     16
  3.480933289008523E+03   3.9910170E-14   3.1264431E-16     16
  3.483681937061372E+03  -6.1047425E-17   5.4323373E-17      0
  3.486430596896961E+03  -1.4849855E-16   5.9736674E-17  16400
  3.489179268451023E+03   6.7661376E-17   5.9478045E-17      0
  3.491927951659287E+03  -1.9175219E-15   1.5689066E-16  16400
  3.494676646457482E+03   1.0786352E-16   5.8943679E-17      0
  3.497425352781330E+03   4.8676755E-16   9.5078780E-17     16
  3.500174070566553E+03  -2.0963846E-16   6.9235772E-17  16384
  3.502922799748871E+03   7.3066783E-17   5.6895335E-17      0
  3.505671540263998E+03   1.6166178E-16   6.1976957E-17     16
  3.508420292047651E+03   1.2648273E-17   5.6181406E-17      0
  3.511169055035538E+03   1.5308010E-16   5.8031094E-17      0
  3.513917829163368E+03  -7.4566157E-17   5.2654225E-17  16384
  3.516666614366848E+03   1.0871939E-16   5.6235821E-17      0
  3.519415410581678E+03   7.4775645E-17   5.7506536E-17      0
  3.522164217743562E+03  -3.5904357E-17   5.8422225E-17      0
  3.524913035788196E+03  -2.1477994E-17   5.6212640E-17      0
  3.527661864651275E+03   2.7444688E-17   8.3350074E-17     16
  3.530410704268494E+03   2.3899111E-16   5.7292726E-17      0
  3.533159554575541E+03   1.1918823E-16   5.5793392E-17      0
  3.535908415508105E+03   1.1687438E-17   5.6449862E-17      0
  3.538657287001872E+03   1.7386403E-17   5.4519213E-17      0
  3.541406168992522E+03   2.5463838E-16   6.6169003E-17     16
  3.544155061415740E+03   3.9690490E-15   4.0191105E-16     16
  3.546903964207201E+03  -4.4741524E-17   6.4104651E-17      0
  3.549652877302580E+03   7.5220973E-17   5.9828399E-17      0
  3.552401800637551E+03   4.8344376E-17   5.2999917E-17      0
  3.555150734147786E+03  -5.9632575E-17   6.0986160E-17  16400
  3.557899677768952E+03   8.3012842E-17   5.4294607E-17      0
  3.560648631436715E+03   9.0941138E-18   5.3398277E-17      0
  3.563397595086739E+03   2.3764462E-16   6.4002683E-17     16
  3.566146568654685E+03  -1.5074010E-16   6.0805868E-17  16400
  3.568895552076212E+03   3.7603948E-17   5.3379477E-17      0
  3.571644545286978E+03  -7.4232538E-17   5.4600356E-17  16400
  3.574393548222634E+03   1.1078829E-17   5.4291963E-17      0
  3.577142560818836E+03   1.9133585E-16   5.7520843E-17      0
  3.579891583011231E+03   5.7740469E-17   5.4430185E-17     16
  3.582640614735467E+03   1.6863632E-17   5.7603250E-17     16
  3.585389655927192E+03   1.5968383E-16   5.5137659E-17      0
  3.588138706522046E+03  -9.4391677E-17   1.2859110E-16  16400
  3.590887766455672E+03   1.7432854E-15   1.2190956E-16     16
  3.593636835663707E+03   2.5569802E-16   8.6070717E-17     16
  3.596385914081788E+03  -1.0217764E-16   5.6359501E-17  16400
  3.599135001645549E+03   7.1801229E-17   5.3937834E-17      0
  3.601884098290624E+03   4.9176940E-17   5.2150664E-17     16
  3.604633203952643E+03  -2.8221542E-16   5.2053589E-17  16400
  3.607382318567233E+03  -1.3942968E-16   5.4576874E-17  16400
  3.610131442070019E+03  -5.3700145E-17   5.0735126E-17      0
  3.612880574396626E+03   1.6557440E-16   5.3253458E-17      0
  3.615629715482676E+03   3.3794689E-17   5.5118221E-17      0
  3.618378865263789E+03   2.2952817E-16   5.9567996E-17      0
  3.621128023675582E+03   7.0026583E-17   5.1449244E-17      0
  3.623877190653670E+03   2.8150682E-16   5.6925743E-17      0
  3.626626366133668E+03   2.4720845E-15   9.5897179E-17     16
  3.629375550051186E+03   2.0166224E-13   8.1261964E-16    272
  3.632124742341836E+03   3.9449019E-16   9.6710735E-17     16
  3.634873942941225E+03  -2.6633350E-17   5.0144006E-17      0
  3.637623151784957E+03   6.7671209E-17   5.7208791E-17     16
  3.640372368808637E+03  -6.9162980E-17   4.7766107E-17  16384
  3.643121593947868E+03  -4.1365506E-17   4.8728439E-17      0
  3.645870827138249E+03  -2.5787160E-17   5.0068998E-17      0
  3.648620068315377E+03   1.6337391E-16   5.1031234E-17      0
  3.651369317414851E+03   4.8385106E-17   5.3188458E-17     16
  3.654118574372263E+03   2.3666532E-17   5.6068188E-17   1040
  3.656867839123207E+03  -5.1233324E-17   4.8263808E-17   1024
  3.659617111603272E+03  -3.5060748E-17   4.7713670E-17   1024
  3.662366391748049E+03   9.4121725E-17   4.9787548E-17   1024
  3.665115679493124E+03   1.0629502E-16   5.0516985E-17   1024
  3.667864974774083E+03   1.3489661E-16   5.3020808E-17   1024
  3.670614277526509E+03  -9.8061302E-18   4.7392456E-17   1024
  3.673363587685984E+03  -1.1461933E-16   4.7488422E-17  17408
  3.676112905188088E+03   1.5514289E-16   5.2582032E-17   1040
  3.678862229968399E+03  -5.3596963E-17   4.7414062E-17  17408
  3.681611561962495E+03   1.4493581E-16   4.9148008E-17   1024
  3.684360901105950E+03  -8.2612295E-17   4.6849134E-17  17408
  3.687110247334337E+03  -2.5501373E-17   4.6048777E-17   1024
  3.689859600583228E+03  -1.2514635E-16   4.6121281E-17  17408
  3.692608960788193E+03   8.2425226E-17   4.8999671E-17   1024
  3.695358327884800E+03  -5.3852224E-17   5.0354884E-17  17408
  3.698107701808617E+03   5.1882025E-17   4.6233583E-17   1024
  3.700857082495208E+03  -7.2607644E-17   4.5773488E-17  17408
  3.703606469880137E+03   1.1085769E-16   4.5419035E-17   1024
  3.706355863898965E+03   1.8247298E-17   4.8432834E-17   1040
  3.709105264487254E+03  -2.8453840E-16   5.9210865E-17  17424
  3.711854671580562E+03   1.7264625E-16   4.8729700E-17   1024
  3.714604085114446E+03   1.9065494E-17   4.4551213E-17   1024
  3.717353505024464E+03  -4.2509553E-17   4.6300637E-17   1040
  3.720102931246166E+03   2.9986164E-17   5.4677019E-17   1040
  3.722852363715111E+03   1.3501537E-16   4.5905288E-17   1024
  3.725601802366844E+03   1.4940209E-16   4.4762935E-17   1024
  3.728351247136920E+03   1.4778933E-16   4.7103287E-17   1024
  3.731100697960885E+03  -6.6660037E-17   4.2997517E-17  17408
  3.733850154774287E+03   1.5718463E-16   4.5964564E-17   1024
  3.736599617512671E+03   1.4231935E-17   4.1676062E-17   1024
  3.739349086111581E+03  -5.7951433E-17   4.0834836E-17  16384
  3.742098560506562E+03   6.0862560E-17   4.2481392E-17      0
  3.744848040633153E+03  -2.4750501E-16   4.5335910E-17  16400
  3.747597526426896E+03  -1.3698625E-17   4.0678823E-17      0
  3.750347017823330E+03   1.0034085E-17   4.0596943E-17      0
  3.753096514757991E+03   1.9495479E-17   4.3361076E-17      0
  3.755846017166417E+03   1.2950920E-17   5.3024041E-17     16
  3.758595524984142E+03  -4.6145736E-17   4.4403548E-17  16400
  3.761345038146700E+03  -6.1285752E-17   6.0290078E-17  16400
  3.764094556589624E+03  -4.8669487E-17   4.5326437E-17  16384
  3.766844080248444E+03  -6.0840504E-17   4.5849625E-17  16384
  3.769593609058692E+03   3.1042884E-17   4.9939474E-17     16
  3.772343142955894E+03  -1.5590713E-16   4.2993960E-17  16400
  3.775092681875581E+03  -2.0937907E-17   3.8210573E-17      0
  3.777842225753277E+03  -6.6555746E-17   3.7632430E-17  16384
  3.780591774524508E+03   3.7827467E-16   6.3894256E-17     16
  3.783341328124799E+03  -7.2026748E-16   5.7894841E-17  16400
  3.786090886489671E+03  -8.7219313E-18   3.7641532E-17      0
  3.788840449554648E+03  -7.6636715E-17   4.3846204E-17  16400
  3.791590017255250E+03   9.8404394E-19   3.9333103E-17      0
  3.794339589526995E+03  -1.2358209E-16   3.8908488E-17  16384
  3.797089166305405E+03   1.4496245E-16   3.9146551E-17      0
  3.799838747525995E+03   2.7717933E-16   4.5587313E-17      0
  3.802588333124283E+03  -1.0936278E-17   4.0371559E-17     16
  3.805337923035783E+03   3.0480011E-17   3.7695193E-17      0
  3.808087517196011E+03   1.0729172E-16   4.0365775E-17      0
  3.810837115540479E+03   8.1263854E-16   1.4873103E-16     16
  3.813586718004701E+03   8.7614448E-17   3.7209827E-17      0
  3.816336324524188E+03   1.4685996E-16   3.8612043E-17      0
  3.819085935034451E+03   5.5754693E-17   3.7688585E-17      0
  3.821835549470998E+03  -9.0317892E-17   3.6578933E-17  16400
  3.824585167769339E+03  -4.0955876E-17   3.5405481E-17  16384
  3.827334789864982E+03   4.2771038E-17   3.6378563E-17      0
  3.830084415693434E+03   1.9808668E-16   4.7934346E-17     16
  3.832834045190200E+03   6.6906127E-18   3.4517373E-17      0
  3.835583678290788E+03  -3.9368593E-17   3.7180213E-17  16400
  3.838333314930698E+03  -8.4722823E-17   4.4373353E-17  16400
  3.841082955045437E+03  -3.4010540E-17   3.4580802E-17      0
  3.843832598570506E+03   2.5016393E-17   3.4046982E-17      0
  3.846582245441408E+03  -3.0651356E-17   3.8978593E-17      0
  3.849331895593644E+03   5.2194782E-17   3.6250595E-17      0
  3.852081548962713E+03  -2.3730989E-16   1.1818202E-16  16400
  3.854831205484116E+03   1.0843889E-16   3.7361062E-17      0
  3.857580865093352E+03   1.6646429E-17   3.9338367E-17      0
  3.860330527725918E+03   2.6866396E-17   7.9708997E-17     16
  3.863080193317312E+03   7.7013466E-17   3.7811084E-17      0
  3.865829861803031E+03   2.6294895E-17   3.9522994E-17      0
  3.868579533118571E+03  -3.2227552E-17   3.7502212E-17      0
  3.871329207199427E+03   6.6170309E-18   3.9852940E-17      0
  3.874078883981094E+03  -5.7336871E-17   3.6935739E-17  16384
  3.876828563399067E+03  -1.0889385E-16   3.7626047E-17  16400
  3.879578245388838E+03  -2.6008224E-17   3.1959208E-17      0
  3.882327929885901E+03   1.9472826E-18   3.1811768E-17      0
  3.885077616825747E+03  -3.1056261E-17   3.1268258E-17     16
  3.887827306143868E+03   3.7735920E-17   3.2700941E-17      0
  3.890576997775757E+03  -1.0567218E-16   3.4519577E-17  17424
  3.893326691656903E+03   3.2956752E-17   3.2713455E-17   1024
  3.896076387722796E+03   1.0769803E-16   6.3148867E-17   1040
  3.898826085908927E+03  -7.3728792E-17   3.0014394E-17  17408
  3.901575786150783E+03  -1.9635033E-17   3.1445208E-17   1024
  3.904325488383854E+03   1.5568191E-17   3.1513325E-17   1024
  3.907075192543629E+03  -8.8327644E-18   3.0988853E-17   1024
  3.909824898565594E+03   6.8691652E-17   3.3023009E-17   1024
  3.912574606385237E+03   4.5216455E-17   3.0899841E-17   1024
  3.915324315938044E+03  -6.4433428E-18   3.0386675E-17   1024
  3.918074027159502E+03   3.4717756E-17   3.0824230E-17   1024
  3.920823739985098E+03  -3.1333231E-17   3.1487934E-17   1024
  3.923573454350317E+03   6.9315095E-17   3.2387661E-17   1024
  3.926323170190643E+03   1.3814522E-17   3.0847650E-17   1024
  3.929072887441563E+03   1.6027232E-16   3.1902712E-17   1024
  3.931822606038561E+03  -1.0050498E-17   2.9410903E-17   1024
  3.934572325917120E+03  -6.8842623E-17   3.4691349E-17  17424
  3.937322047012725E+03   8.5047495E-17   3.3615932E-17   1024
  3.940071769260860E+03   7.7758068E-17   3.4571339E-17   1024
  3.942821492597008E+03   1.7169211E-17   3.1805720E-17   1024
  3.945571216956653E+03   2.8059406E-17   2.8757179E-17   1024
  3.948320942275277E+03   4.6933215E-17   2.8463053E-17   1024
  3.951070668488362E+03   4.6517934E-17   3.3016170E-17   1024
  3.953820395531393E+03  -6.5073319E-17   3.5296783E-17  17408
  3.956570123339850E+03   2.7908482E-17   3.0083579E-17   1040
  3.959319851849218E+03   1.1639649E-16   3.0541606E-17   1040
  3.962069580994975E+03   3.5706892E-17   3.0137224E-17   1024
  3.964819310712605E+03   1.2399996E-16   3.4811363E-17   1040
  3.967569040937589E+03   4.4196856E-17   3.0858942E-17   1024
  3.970318771605410E+03   9.7176881E-17   3.1491898E-17     16
  3.973068502651548E+03   2.9287954E-17   2.7739350E-17      0
  3.975818234011486E+03  -3.0272253E-17   2.8994636E-17  16400
  3.978567965620703E+03   1.6681116E-17   2.7228835E-17      0
  3.981317697414683E+03  -4.8699603E-17   2.9320939E-17  16384
  3.984067429328905E+03  -1.0450625E-17   2.8784042E-17      0
  3.986817161298850E+03  -7.2322962E-17   2.7180318E-17  16384
  3.989566893260002E+03   1.0451840E-16   3.4243567E-17     16
  3.992316625147839E+03   2.6710866E-16   3.0703700E-17     16
  3.995066356897843E+03   1.3552736E-17   3.2894703E-17     16
  3.997816088445497E+03  -7.2867809E-17   2.8363342E-17  16384
  4.000565819726280E+03   2.7208440E-17   2.7363179E-17      0
  4.003315550675674E+03   1.5898489E-17   2.6923640E-17      0
  4.006065281229162E+03   1.0633500E-16   2.8810419E-17      0
  4.008815011322223E+03  -5.7591094E-17   2.8012521E-17  16400
  4.011564740890341E+03   3.8250741E-17   2.6879246E-17      0
  4.014314469868995E+03   3.2171029E-17   2.6496163E-17      0
  4.017064198193669E+03  -1.3435117E-17   4.0199198E-17     16
  4.019813925799845E+03   5.9567797E-17   3.1025897E-17      0
  4.022563652623003E+03   7.6458819E-17   6.2357725E-17     16
  4.025313378598628E+03   1.7853340E-16   3.0178781E-17      0
  4.028063103662202E+03   1.7491230E-17   2.6839933E-17      0
  4.030812827749206E+03   3.5795736E-18   2.6056376E-17      0
  4.033562550795125E+03  -5.7179965E-17   2.4780267E-17  16384
  4.036312272735443E+03  -5.8190072E-17   2.6523573E-17  16400
  4.039061993505640E+03   5.5552047E-17   2.6370750E-17      0
  4.041811713041203E+03  -4.9952104E-17   2.4068823E-17  16384
  4.044561431277615E+03   3.7363606E-17   2.8780257E-17      0
  4.047311148150360E+03   2.4724205E-18   2.5255235E-17      0
  4.050060863594923E+03   5.4713448E-17   2.5720658E-17      0
  4.052810577546789E+03   1.5016480E-18   2.6689052E-17      0
  4.055560289941445E+03  -6.8936299E-17   2.5881262E-17  16400
  4.058310000714374E+03   5.1491216E-17   3.0034567E-17     16
  4.061059709801063E+03  -3.2864170E-17   2.5055976E-17  16384
  4.063809417137001E+03  -5.9984431E-17   2.5693088E-17  16384
  4.066559122657671E+03  -5.4830203E-17   2.6009520E-17  16384
  4.069308826298563E+03   3.4138485E-17   2.8580288E-17     16
  4.072058527995164E+03   1.7853681E-16   2.7402472E-17      0
  4.074808227682962E+03   4.8189104E-17   2.7887795E-17     16
  4.077557925297447E+03  -4.5002490E-17   2.8552700E-17  16400
  4.080307620774107E+03   2.2365214E-16   3.6963112E-17     16
  4.083057314048433E+03   7.8645798E-17   2.5387255E-17      0
  4.085807005055913E+03  -3.0311091E-17   2.5633335E-17  16384
  4.088556693732040E+03  -6.1627014E-17   2.5397846E-17  16384
  4.091306380012304E+03   1.6748282E-16   2.8500137E-17      0
  4.094056063832197E+03   1.1637182E-16   2.8341471E-17      0
  4.096805745127212E+03  -6.6815057E-17   2.5722433E-17  16384
  4.099555423832841E+03   4.2137566E-17   2.5496742E-17      0
  4.102305099884579E+03   3.2312550E-17   2.4677628E-17      0
  4.105054773217921E+03  -4.3560555E-17   2.4608709E-17  16384
  4.107804443768360E+03  -1.8635787E-17   2.4462164E-17      0
  4.110554111471392E+03  -1.4375542E-17   2.5981619E-17      0
  4.113303776262514E+03   8.9318817E-17   2.5877527E-17      0
  4.116053438077222E+03   5.5929718E-17   2.5929617E-17      0
  4.118803096851015E+03  -6.1634936E-18   2.4779256E-17      0
  4.121552752519389E+03   3.1984861E-17   2.6392334E-17      0
  4.124302405017846E+03  -2.8249962E-17   2.4892055E-17  16384
  4.127052054281883E+03  -5.3162673E-17   2.5020501E-17  16400
  4.129801700247003E+03  -3.1502538E-17   2.6811112E-17  16384
  4.132551342848707E+03   7.9839102E-17   2.6294795E-17      0
  4.135300982022495E+03   3.0966072E-17   2.5403868E-17      0
  4.138050617703871E+03   6.9349768E-18   4.8710344E-17     16
  4.140800249828339E+03  -3.4173528E-17   2.5389801E-17  16384
  4.143549878331405E+03   8.9063835E-18   2.4011713E-17      0
  4.146299503148572E+03  -1.6923538E-16   2.8949042E-17  16400
  4.149049124215349E+03   1.9944986E-17   2.3936958E-17      0
  4.151798741467241E+03   2.6188942E-17   2.4442625E-17      0
  4.154548354839755E+03  -4.0908250E-18   2.3513507E-17      0
  4.157297964268403E+03  -2.6973069E-18   2.4140717E-17      0
  4.160047569688693E+03   4.8894623E-17   2.4285538E-17      0
  4.162797171036137E+03   1.5175987E-17   3.3929678E-17     16
  4.165546768246247E+03  -2.5854058E-17   2.3894144E-17      0
  4.168296361254534E+03  -1.6092117E-17   2.3994227E-17      0
  4.171045949996513E+03  -7.3511665E-19   2.5797614E-17     16
  4.173795534407699E+03  -2.1652458E-17   2.3152372E-17      0
  4.176545114423606E+03  -5.8410284E-18   2.3728513E-17      0
  4.179294689979753E+03  -1.0442673E-15   2.7879292E-17  16400
  4.182044261011657E+03  -1.3875521E-16   2.8708081E-17  16400
  4.184793827454838E+03   1.6709538E-17   2.3746751E-17      0
  4.187543389244814E+03  -4.0395478E-17   2.3048979E-17  16384
  4.190292946317107E+03  -3.2885792E-18   2.2971762E-17      0
  4.193042498607240E+03   1.2799130E-17   2.4713943E-17      0
  4.195792046050735E+03  -9.2465558E-17   2.7709927E-17  16400
  4.198541588583117E+03  -3.6632246E-17   2.3391225E-17  16384
  4.201291126139911E+03   5.0054449E-17   2.3835125E-17      0
  4.204040658656646E+03   1.8148981E-17   2.4640142E-17      0
  4.206790186068847E+03   1.4931020E-17   2.3444348E-17      0
  4.209539708312045E+03  -9.2399529E-17   2.5391589E-17  16400
  4.212289225321771E+03   5.6002007E-17   2.3495543E-17      0
  4.215038737033554E+03  -6.0570294E-17   2.3847076E-17  16384
  4.217788243382928E+03   1.4145023E-17   2.4006171E-17      0
  4.220537744305429E+03  -1.9655656E-16   7.4273302E-17  16400
  4.223287239736590E+03   5.8309437E-17   2.3946593E-17      0
  4.226036729611948E+03   1.6514580E-16   5.0043557E-17     16
  4.228786213867042E+03   7.9365181E-17   2.9739760E-17     16
  4.231535692437410E+03   7.8213825E-17   2.4134129E-17      0
  4.234285165258593E+03   5.1009294E-17   2.3992604E-17      0
  4.237034632266134E+03  -3.3339905E-17   2.3414729E-17  16384
  4.239784093395576E+03   3.8610743E-17   2.4597642E-17      0
  4.242533548582463E+03  -2.8064051E-17   2.7680903E-17  16400
  4.245282997762341E+03   1.9699298E-16   3.0284747E-17     16
  4.248032440870757E+03   6.4104790E-17   2.4608268E-17      0
  4.250781877843262E+03  -6.2853104E-18   2.3455535E-17      0
  4.253531308615405E+03   4.7059453E-17   2.4327986E-17      0
  4.256280733122738E+03   5.5527629E-17   2.4332982E-17      0
  4.259030151300813E+03  -4.1626819E-17   2.2444065E-17  16384
  4.261779563085188E+03  -1.1591883E-17   2.2940192E-17      0
  4.264528968411416E+03   5.1258061E-16   5.6235629E-17     16
  4.267278367215055E+03  -2.0399997E-19   2.2298918E-17      0
  4.270027759431668E+03  -1.2929114E-17   2.2426006E-17      0
  4.272777144996811E+03  -9.1988513E-17   2.8214227E-17  16400
  4.275526523846050E+03   5.7510963E-17   2.7419452E-17     16
  4.278275895914947E+03  -1.4044749E-17   2.2307466E-17      0
  4.281025261139068E+03   2.8302640E-17   2.3205689E-17      0
  4.283774619453980E+03  -4.1187510E-17   2.1861958E-17  16384
  4.286523970795253E+03  -3.3085415E-17   2.4193936E-17  16400
  4.289273315098458E+03  -6.1240382E-16   3.1638256E-17  16400
  4.292022652299163E+03  -2.2776475E-16   3.2730964E-17  16400
  4.294771982332946E+03  -2.3168455E-17   2.2387537E-17      0
  4.297521305135380E+03  -2.7517202E-17   2.4913026E-17  16400
  4.300270620642044E+03  -7.5541092E-17   2.5453711E-17  16400
  4.303019928788515E+03  -1.1807554E-18   2.3911626E-17      0
  4.305769229510376E+03   1.3157341E-17   2.2381456E-17      0
  4.308518522743207E+03   7.5496280E-16   3.3906573E-17     16
  4.311267808422592E+03   9.2706141E-17   2.8964573E-17     16
  4.314017086484119E+03   5.4877226E-17   2.2823157E-17      0
  4.316766356863373E+03  -4.5345310E-17   2.2498694E-17  16384
  4.319515619495946E+03  -3.0199994E-17   2.1357241E-17  16384
  4.322264874317427E+03   4.2809773E-17   2.2120563E-17      0
  4.325014121263410E+03   5.7297769E-17   2.2919282E-17      0
  4.327763360269490E+03  -3.6737113E-17   2.1347129E-17  16384
  4.330512591271264E+03   3.4914182E-17   2.5706972E-17      0
  4.333261814204330E+03   2.3053006E-17   3.0301131E-17     16
  4.336011029004289E+03   4.8792807E-17   2.4542371E-17      0
  4.338760235606743E+03  -8.2139829E-17   4.9229406E-17  16400
  4.341509433947297E+03  -3.7882172E-16   2.2982191E-17  16400
  4.344258623961557E+03  -5.6107595E-17   2.9756416E-17  16400
  4.347007805585130E+03   9.6724234E-17   2.3691306E-17      0
  4.349756978753629E+03   1.0772570E-15   5.4907796E-17     16
  4.352506143402664E+03  -2.8579848E-17   2.1205642E-17  16384
  4.355255299467850E+03   2.5060613E-17   2.1553443E-17      0
  4.358004446884804E+03   2.6523872E-17   2.1782827E-17      0
  4.360753585589143E+03  -3.5534220E-17   3.2034766E-17  16400
  4.363502715516487E+03  -2.6209259E-17   2.0544895E-17  16384
  4.366251836602459E+03   5.1733781E-17   2.3695603E-17     16
  4.369000948782684E+03  -2.4450387E-17   2.0693397E-17      0
  4.371750051992787E+03   2.4583262E-17   2.2452456E-17      0
  4.374499146168398E+03   1.9694280E-17   2.1302023E-17      0
  4.377248231245146E+03  -3.5422342E-17   2.0686950E-17  16384
  4.379997307158666E+03   1.9604283E-17   2.1552126E-17      0
  4.382746373844591E+03   5.2998928E-17   2.1633347E-17     16
  4.385495431238560E+03   2.6400258E-17   2.1894376E-17      0
  4.388244479276212E+03   1.2621937E-16   2.5989856E-17     16
  4.390993517893187E+03   1.2737159E-17   2.1556003E-17      0
  4.393742547025130E+03   1.6308205E-17   2.0881182E-17      0
  4.396491566607688E+03  -1.0650866E-16   3.1305305E-17  16400
  4.399240576576505E+03  -3.8682051E-18   2.2209182E-17      0
  4.401989576867237E+03   7.1026583E-18   2.0552257E-17      0
  4.404738567415532E+03  -3.1550071E-17   2.0433039E-17  16384
  4.407487548157049E+03   2.0074742E-17   2.1403543E-17      0
  4.410236519027442E+03   2.9087647E-18   2.1213416E-17      0
  4.412985479962372E+03   5.0591190E-17   2.2060963E-17      0
  4.415734430897501E+03  -3.0890262E-16   3.1599093E-17  16400
  4.418483371768493E+03  -1.0078424E-17   2.0344489E-17      0
  4.421232302511014E+03  -6.0752525E-17   2.0764368E-17  16384
  4.423981223060735E+03   3.6442339E-17   2.3517870E-17     16
  4.426730133353326E+03  -1.7643081E-17   2.1691743E-17      0
  4.429479033324460E+03  -1.9997341E-17   2.3825677E-17     16
  4.432227922909815E+03   1.5556443E-18   2.0403915E-17      0
  4.434976802045069E+03   1.0475588E-17   2.2154779E-17     16
  4.437725670665902E+03   5.1913727E-18   2.1102041E-17      0
  4.440474528707999E+03  -4.6773044E-17   2.0602731E-17  16384
  4.443223376107044E+03  -8.9387453E-17   2.1109990E-17  16384
  4.445972212798729E+03  -4.5349691E-17   2.1116437E-17  16400
  4.448721038718742E+03  -6.8952733E-16   2.4990395E-17  16400
  4.451469853802777E+03  -9.5342872E-18   2.0345510E-17      0
  4.454218657986531E+03   5.4152279E-17   2.0817094E-17      0
  4.456967451205703E+03   1.7486664E-17   2.0680981E-17      0
  4.459716233395991E+03  -4.4161515E-17   2.2952373E-17  16384
  4.462465004493104E+03  -4.0266378E-17   2.1149493E-17  16384
  4.465213764432745E+03   1.8155956E-17   2.1345300E-17      0
  4.467962513150624E+03   2.6639740E-17   2.5529669E-17     16
  4.470711250582451E+03   3.3709593E-16   3.5318673E-17     16
  4.473459976663943E+03  -2.2735589E-18   1.9778118E-17      0
  4.476208691330814E+03   9.8149000E-16   3.3490406E-17      0
  4.478957394518786E+03   2.4765799E-17   2.1308298E-17      0
  4.481706086163579E+03   7.9624717E-17   2.3510076E-17     16
  4.484454766200921E+03  -7.8552850E-17   2.4421555E-17  16400
  4.487203434566537E+03   1.7892801E-16   4.3634479E-17     16
  4.489952091196158E+03   4.0140087E-17   2.1542905E-17      0
  4.492700736025519E+03   6.7017763E-17   2.9344007E-17     16
  4.495449368990354E+03   5.1405877E-17   2.1464611E-17      0
  4.498197990026403E+03   4.1240708E-16   2.8179598E-17     16
  4.500946599069406E+03   1.8971118E-17   2.0810746E-17      0
  4.503695196055108E+03   3.2118890E-17   2.5408935E-17     16
  4.506443780919257E+03  -4.5488300E-17   2.0021212E-17  16384
  4.509192353597603E+03   1.5638142E-17   2.0729497E-17      0
  4.511940914025897E+03   6.6158236E-17   2.4743794E-17     16
  4.514689462139896E+03  -5.8982590E-17   2.1715220E-17  16400
  4.517437997875359E+03   9.7008152E-18   2.2148128E-17      0
  4.520186521168046E+03   1.6451426E-16   2.9391339E-17     16
  4.522935031953722E+03  -1.7636435E-17   2.0841889E-17      0
  4.525683530168157E+03   1.1046113E-17   1.9928695E-17      0
  4.528432015747116E+03  -6.5624725E-17   2.2513373E-17  16400
  4.531180488626377E+03  -8.1002793E-17   2.0013501E-17  16384
  4.533928948741714E+03  -2.2876892E-17   1.9515484E-17      0
  4.536677396028906E+03   4.3136139E-17   2.1702136E-17      0
  4.539425830423735E+03  -4.1516364E-17   1.9419759E-17  16384
  4.542174251861989E+03  -1.5656719E-17   1.9580687E-17      0
  4.544922660279452E+03  -4.6676641E-17   1.9555190E-17  16384
  4.547671055611918E+03  -1.8917313E-17   2.0315256E-17      0
  4.550419437795181E+03  -1.0271229E-16   2.7464676E-17  16400
  4.553167806765038E+03   4.0716084E-18   1.9826039E-17      0
  4.555916162457290E+03   1.4194884E-17   2.0263955E-17      0
  4.558664504807739E+03   5.3596503E-17   2.2765020E-17      0
  4.561412833752193E+03   1.1365961E-16   2.7769138E-17     16
  4.564161149226464E+03   3.0214191E-17   2.5042458E-17      0
  4.566909451166361E+03   6.8840545E-17   2.8316027E-17     16
  4.569657739507703E+03   1.8170679E-16   2.6559780E-17     16
  4.572406014186306E+03   1.2784315E-16   2.5695146E-17      0
  4.575154275137998E+03   5.9900734E-17   2.1637033E-17      0
  4.577902522298600E+03  -2.2159404E-17   2.0035906E-17      0
  4.580650755603943E+03   2.6142747E-17   2.0827667E-17      0
  4.583398974989859E+03   1.7697337E-17   2.0085199E-17      0
  4.586147180392184E+03  -1.6232840E-18   2.0243662E-17      0
  4.588895371746756E+03  -1.7432501E-17   1.9639892E-17      0
  4.591643548989417E+03  -1.2200039E-16   2.8394076E-17  16400
  4.594391712056012E+03   4.3127401E-17   2.1860026E-17      0
  4.597139860882391E+03   6.9381250E-17   2.9130115E-17     16
  4.599887995404404E+03   1.2285960E-16   2.2406250E-17     16
  4.602636115557909E+03   3.6333710E-17   2.0279085E-17      0
  4.605384221278762E+03   1.2013219E-16   2.3016406E-17      0
  4.608132312502828E+03   3.4241763E-17   2.0183310E-17      0
  4.610880389165969E+03   5.4468540E-17   2.1213497E-17      0
  4.613628451204057E+03   4.7855495E-17   2.1939555E-17      0
  4.616376498552961E+03   5.4264037E-17   2.0766040E-17      0
  4.619124531148561E+03  -2.4679053E-17   2.2605058E-17     16
  4.621872548926733E+03   1.2295586E-16   3.6271347E-17     16
  4.624620551823360E+03  -4.1660488E-17   2.5514563E-17  16400
  4.627368539774328E+03   1.5066178E-17   2.0482767E-17      0
  4.630116512715528E+03  -4.8659277E-17   2.8205459E-17  16400
  4.632864470582853E+03  -1.9869762E-17   2.0561228E-17      0
  4.635612413312198E+03   9.2800777E-17   2.2940106E-17      0
  4.638360340839464E+03   1.0404298E-15   5.2196063E-17     16
  4.641108253100555E+03   3.4246141E-17   2.1745874E-17      0
  4.643856150031379E+03   3.9241721E-18   2.0510827E-17      0
  4.646604031567844E+03  -1.7733754E-16   3.2745258E-17  16400
  4.649351897645867E+03  -5.3048198E-17   3.4269335E-17  16400
  4.652099748201367E+03   3.5879710E-17   2.1652870E-17      0
  4.654847583170263E+03  -2.7536559E-18   2.1262770E-17      0
  4.657595402488480E+03   5.8109187E-16   8.4364349E-17     16
  4.660343206091950E+03  -8.0460361E-17   7.2447099E-17  16400
  4.663090993916605E+03   1.5332840E-17   2.1734149E-17      0
  4.665838765898380E+03  -8.1151394E-17   2.9557152E-17  16400
  4.668586521973216E+03  -3.5478031E-17   1.9853971E-17  16384
  4.671334262077056E+03   8.1738210E-17   2.3611383E-17      0
  4.674081986145849E+03  -2.7866312E-17   2.0010184E-17  16384
  4.676829694115543E+03   8.3558106E-17   2.4902750E-17     16
  4.679577385922097E+03   1.8245091E-14   1.7613605E-16     16
  4.682325061501469E+03  -4.6948489E-18   2.0311407E-17      0
  4.685072720789619E+03   1.3947552E-15   6.0062689E-17     16
  4.687820363722516E+03  -2.2569741E-18   2.0998486E-17      0
  4.690567990236129E+03  -3.0064802E-17   2.4105534E-17  16400
  4.693315600266432E+03  -4.5651271E-17   2.0944713E-17  16384
  4.696063193749404E+03   2.8441490E-16   3.7604805E-17     16
  4.698810770621025E+03  -3.0007919E-17   2.1202313E-17  16384
  4.701558330817283E+03  -3.4871221E-17   2.0779978E-17  17408
  4.704305874274164E+03  -1.5047767E-16   2.4574835E-17  17424
  4.707053400927665E+03   7.8517651E-17   2.2732320E-17   1024
  4.709800910713783E+03   7.0879982E-17   2.1375723E-17   1024
  4.712548403568516E+03   1.3932718E-17   2.0724158E-17   1024
  4.715295879427874E+03   8.2179851E-17   2.2674202E-17   1024
  4.718043338227862E+03  -1.4459271E-18   2.4367225E-17   1040
  4.720790779904496E+03  -1.7738142E-17   2.2031875E-17   1024
  4.723538204393793E+03  -3.7827098E-17   2.2435908E-17  17408
  4.726285611631772E+03   4.0501373E-17   2.1081547E-17   1024
  4.729033001554460E+03   9.0080822E-17   2.3982582E-17   1024
  4.731780374097886E+03  -2.1558651E-18   2.0895381E-17   1024
  4.734527729198084E+03  -1.0652152E-16   2.1403740E-17  17424
  4.737275066791091E+03   1.1170741E-17   2.3137602E-17   1024
  4.740022386812948E+03   1.6065309E-15   1.5407779E-16   1040
  4.742769689199700E+03   4.7083706E-17   2.2026258E-17   1024
  4.745516973887398E+03   3.7767763E-17   2.0900143E-17   1024
  4.748264240812096E+03  -3.5579040E-17   2.0334440E-17  17408
  4.751011489909853E+03   7.5679284E-17   2.2729674E-17   1040
  4.753758721116727E+03  -1.7909122E-17   2.0929387E-17   1024
  4.756505934368788E+03  -3.1937761E-17   2.2864065E-17  17424
  4.759253129602106E+03  -5.6117627E-17   4.5878815E-17  16400
  4.762000306752754E+03  -4.6618162E-18   2.3516990E-17     16
  4.764747465756815E+03   2.0676040E-17   2.2010151E-17     16
  4.767494606550366E+03  -9.8125892E-19   2.2596946E-17      0
  4.770241729069500E+03   1.1047739E-17   2.8695111E-17      0
  4.772988833250307E+03   3.1549175E-17   2.1811252E-17     16
  4.775735919028882E+03   1.0246807E-17   2.1977825E-17      0
  4.778482986341324E+03   7.0744165E-17   2.6776157E-17      0
  4.781230035123741E+03   5.1911262E-18   2.4204360E-17      0
  4.783977065312240E+03   2.7680961E-17   2.0602172E-17      0
  4.786724076842935E+03  -3.4454868E-17   2.1549974E-17  16384
  4.789471069651942E+03  -4.7761643E-17   2.0577703E-17  16384
  4.792218043675385E+03  -1.0952800E-16   2.0712672E-17  16400
  4.794964998849389E+03  -7.4753258E-17   2.1914872E-17  16400
  4.797711935110086E+03  -1.0718461E-15   4.5855475E-17  16400
  4.800458852393610E+03  -1.5104971E-17   2.3815296E-17      0
  4.803205750636101E+03   2.4624014E-17   2.7072147E-17      0
  4.805952629773702E+03  -1.3915915E-16   3.3427110E-17  16400
  4.808699489742564E+03  -7.6810549E-17   2.8955699E-17  16384
  4.811446330478837E+03   2.4609897E-17   2.1946566E-17      0
  4.814193151918679E+03   3.4327602E-17   2.5452347E-17     16
  4.816939953998253E+03   1.4187060E-14   1.7789684E-16     16
  4.819686736653727E+03  -3.0727576E-17   2.1719432E-17  16384
  4.822433499821268E+03  -5.5127784E-16   7.3737699E-17  16400
  4.825180243437054E+03  -4.0741726E-17   1.9610927E-17  16384
  4.827926967437265E+03   1.4739890E-17   2.0351515E-17      0
  4.830673671758084E+03  -1.2129529E-16   4.0391779E-17  16400
  4.833420356335702E+03   8.8204717E-17   2.2256823E-17      0
  4.836167021106313E+03   4.2374221E-16   6.0713191E-17     16
  4.838913666006115E+03  -3.2135295E-18   2.0538814E-17      0
  4.841660290971310E+03  -4.7297737E-17   2.1702005E-17  16400
  4.844406895938107E+03   1.7538538E-17   2.1090465E-17      0
  4.847153480842717E+03  -6.7720081E-18   2.0859986E-17      0
  4.849900045621358E+03   1.1458140E-16   2.5715801E-17     16
  4.852646590210253E+03  -4.5589782E-17   3.3378227E-17  16400
  4.855393114545625E+03   5.2451020E-17   2.0908447E-17      0
  4.858139618563710E+03  -3.1214633E-17   2.0651029E-17  16384
  4.860886102200739E+03  -1.1677696E-16   3.5014019E-17  16400
  4.863632565392955E+03   8.6943333E-17   2.2983225E-17     16
  4.866379008076604E+03  -1.0915484E-16   3.4635151E-17  16400
  4.869125430187936E+03   3.8898387E-17   2.0568734E-17      0
  4.871871831663205E+03   1.7392955E-17   2.1958568E-17     16
  4.874618212438671E+03   7.7423391E-17   2.1215770E-17      0
  4.877364572450599E+03   1.3651210E-17   2.0606143E-17      0
  4.880110911635257E+03  -4.9034919E-18   2.2239259E-17      0
  4.882857229928922E+03   6.8648745E-17   2.8398831E-17     16
  4.885603527267871E+03   6.9219354E-17   2.1536799E-17      0
  4.888349803588389E+03  -8.1648910E-19   2.0223381E-17      0
  4.891096058826765E+03  -8.7223310E-17   2.8549646E-17  16400
  4.893842292919292E+03   1.5044420E-17   2.1063314E-17      0
  4.896588505802270E+03  -6.6440702E-17   2.5400152E-17  16384
  4.899334697412001E+03  -9.1265062E-18   2.8503430E-17      0
  4.902080867684796E+03   5.3023955E-17   2.9734840E-17      0
  4.904827016556967E+03   6.3528265E-17   2.3504261E-17      0
  4.907573143964833E+03   1.4030176E-17   2.8125130E-17     16
  4.910319249844718E+03  -3.3742782E-17   2.0996924E-17  16384
  4.913065334132948E+03  -7.7087284E-17   2.7053853E-17  16400
  4.915811396765861E+03   4.7764529E-17   4.3605640E-17     16
  4.918557437679792E+03   7.0572582E-17   2.6794269E-17     16
  4.921303456811088E+03  -5.4503950E-17   2.0970926E-17  16384
  4.924049454096095E+03  -5.9281677E-18   2.1137722E-17      0
  4.926795429471168E+03  -2.1904021E-17   2.1625418E-17     16
  4.929541382872667E+03   5.9187301E-17   2.1814270E-17     16
  4.932287314236954E+03  -8.6591622E-17   3.0721356E-17  16400
  4.935033223500399E+03  -1.9137879E-17   2.0880656E-17      0
  4.937779110599377E+03   7.5206613E-17   2.1416801E-17     16
  4.940524975470268E+03  -3.2246111E-17   1.9247245E-17  16384
  4.943270818049455E+03  -2.1649998E-17   2.3963733E-17     16
  4.946016638273330E+03   1.0899844E-18   1.9944014E-17      0
  4.948762436078286E+03  -2.4423828E-17   2.0386687E-17      0
  4.951508211400724E+03  -4.9756350E-17   2.2778635E-17  16400
  4.954253964177051E+03   6.8029499E-16   3.5029564E-17     16
  4.956999694343675E+03   3.5721087E-17   2.2010424E-17     16
  4.959745401837015E+03  -2.7296689E-17   2.0474800E-17  16384
  4.962491086593492E+03  -5.7103269E-17   1.9151122E-17  16384
  4.965236748549529E+03  -3.1890198E-17   1.9059411E-17  16384
  4.967982387641561E+03   3.2514786E-17   1.9942737E-17      0
  4.970728003806025E+03  -2.2224227E-17   2.1166043E-17      0
  4.973473596979364E+03  -1.9211991E-17   1.9148293E-17      0
  4.976219167098025E+03   6.3110519E-15   7.2940925E-17     16
  4.978964714098461E+03   3.4710801E-17   2.0774428E-17      0
  4.981710237917131E+03  -2.8572426E-17   2.7764972E-17  16400
  4.984455738490500E+03   5.7140399E-17   2.3649028E-17     16
  4.987201215755035E+03   1.1578223E-16   2.5943135E-17     16
  4.989946669647214E+03   6.1289239E-17   2.4971607E-17      0
  4.992692100103515E+03   6.0148657E-17   2.2364408E-17      0
  4.995437507060424E+03   1.4820026E-17   1.9944979E-17      0
  4.998182890454434E+03  -1.6836889E-16   2.7896279E-17  16400
  5.000928250222038E+03   1.3966086E-17   1.9635694E-17      0
  5.003673586299742E+03   1.0017965E-17   2.1146173E-17      0
  5.006418898624052E+03  -4.0852634E-17   2.1971662E-17  16400
  5.009164187131481E+03  -2.7306876E-17   1.9369754E-17  16384
  5.011909451758548E+03  -1.1641954E-17   2.2285146E-17     16
  5.014654692441778E+03  -1.6379341E-16   2.3782046E-17  16400
  5.017399909117698E+03   7.0047562E-19   2.0264416E-17      0
  5.020145101722848E+03   4.0914194E-19   2.5570492E-17     16
  5.022890270193767E+03   5.9868785E-17   2.0500192E-17      0
  5.025635414466999E+03   2.4671931E-17   2.0331153E-17      0
  5.028380534479099E+03  -9.3907519E-17   2.3840660E-17  16400
  5.031125630166624E+03   2.7604832E-17   2.0186668E-17      0
  5.033870701466139E+03   9.1936672E-17   2.1503366E-17     16
  5.036615748314211E+03   3.1501880E-17   2.0331502E-17      0
  5.039360770647417E+03   1.2265324E-16   2.1689678E-17      0
  5.042105768402335E+03  -7.9187898E-16   2.8627788E-17  16400
  5.044850741515554E+03  -4.4192534E-18   3.0786868E-17     16
  5.047595689923663E+03   3.1426931E-17   1.9708981E-17      0
  5.050340613563262E+03   7.3202473E-17   4.1992138E-17     16
  5.053085512370955E+03  -5.1848189E-16   2.7645647E-17  16400
  5.055830386283349E+03   4.9859354E-18   2.1240761E-17     16
  5.058575235237060E+03   2.1717597E-16   2.2217815E-17      0
  5.061320059168709E+03   9.8079043E-17   2.1269353E-17      0
  5.064064858014924E+03  -2.4354293E-17   1.9173616E-17      0
  5.066809631712335E+03  -4.4723783E-17   1.9206254E-17  16384
  5.069554380197580E+03  -1.4151217E-17   1.8693013E-17      0
  5.072299103407306E+03  -2.3204964E-17   1.9980751E-17      0
  5.075043801278161E+03  -2.9717661E-17   2.2437311E-17  16400
  5.077788473746800E+03  -5.2479064E-18   1.9651072E-17     16
  5.080533120749888E+03   5.9471143E-17   2.4387099E-17     16
  5.083277742224091E+03   2.5047614E-18   1.9351189E-17      0
  5.086022338106080E+03   2.1283435E-17   1.9756847E-17      0
  5.088766908332538E+03  -5.1229750E-17   2.0403632E-17  16384
  5.091511452840150E+03  -4.5529996E-16   2.0817173E-17  16400
  5.094255971565607E+03   3.7010780E-17   1.9680872E-17      0
  5.097000464445606E+03  -1.2422340E-17   2.0708609E-17      0
  5.099744931416851E+03   4.4480765E-18   1.9589677E-17      0
  5.102489372416050E+03  -1.6787951E-16   2.4016215E-17  16400
  5.105233787379920E+03  -4.8687332E-16   2.4119414E-17  16400
  5.107978176245183E+03  -2.9472260E-17   2.3248872E-17  16384
  5.110722538948566E+03  -2.9261308E-15   8.1787278E-17  16400
  5.113466875426801E+03   4.0268946E-17   2.0292214E-17      0
  5.116211185616630E+03   6.9843432E-17   2.1077159E-17      0
  5.118955469454798E+03  -4.8522878E-17   1.8999353E-17  16384
  5.121699726878056E+03   3.4839090E-17   1.9683697E-17      0
  5.124443957823165E+03  -2.9990614E-17   1.9914527E-17  16384
  5.127188162226886E+03  -3.0766768E-17   3.6545653E-17  16400
  5.129932340025989E+03   1.1331275E-17   1.9750421E-17      0
  5.132676491157253E+03  -1.6108197E-18   1.9686166E-17      0
  5.135420615557460E+03  -7.2084092E-17   2.0801711E-17  16384
  5.138164713163398E+03  -2.1857604E-17   1.9587622E-17      0
  5.140908783911863E+03  -3.9284184E-16   4.2838963E-17  16400
  5.143652827739656E+03  -2.1812495E-17   2.3739390E-17      0
  5.146396844583583E+03  -1.7982966E-17   2.1836949E-17     16
  5.149140834380461E+03  -4.3253314E-16   5.0894319E-17  16400
  5.151884797067107E+03   3.8131028E-17   2.0070523E-17      0
  5.154628732580350E+03  -4.6828670E-17   1.9199069E-17  16384
  5.157372640857020E+03   9.3447876E-18   1.9564656E-17      0
  5.160116521833958E+03  -9.0999860E-18   1.9510269E-17      0
  5.162860375448010E+03  -3.1863411E-17   2.2818118E-17  16400
  5.165604201636023E+03  -3.3385450E-17   1.9049953E-17  16384
  5.168348000334861E+03  -3.5569170E-17   1.8830877E-17  16384
  5.171091771481385E+03   1.0050449E-17   1.9904710E-17      0
  5.173835515012466E+03   5.9718590E-18   1.9483624E-17      0
  5.176579230864982E+03   1.3401919E-17   1.9295414E-17      0
  5.179322918975814E+03   3.3820335E-17   2.1556370E-17     16
  5.182066579281855E+03   2.2306781E-17   1.9341708E-17      0
  5.184810211720001E+03  -6.3225888E-17   2.0981956E-17  16384
  5.187553816227153E+03  -1.1846375E-17   2.0337597E-17      0
  5.190297392740223E+03  -8.0818598E-18   1.9259824E-17      0
  5.193040941196124E+03  -1.3703187E-17   2.2159035E-17     16
  5.195784461531779E+03   2.9831604E-17   2.0061975E-17      0
  5.198527953684118E+03   4.7291183E-17   1.9660432E-17      0
  5.201271417590076E+03   4.7329546E-18   1.9402573E-17      0
  5.204014853186594E+03  -3.6196242E-17   1.8750681E-17  16384
  5.206758260410621E+03   6.6664399E-16   2.9293950E-17     16
  5.209501639199112E+03   9.7851190E-18   1.9208649E-17      0
  5.212244989489028E+03   1.6052039E-17   1.9913534E-17      0
  5.214988311217338E+03   8.5751953E-18   1.9448264E-17      0
  5.217731604321018E+03  -6.5205278E-17   3.7482899E-17  16400
  5.220474868737045E+03   1.1089138E-16   2.1753735E-17      0
  5.223218104402411E+03  -1.6184935E-16   4.8499264E-17  16400
  5.225961311254108E+03  -1.9309699E-17   1.9874042E-17      0
  5.228704489229141E+03  -5.7345110E-17   1.8698519E-17  16384
  5.231447638264513E+03   6.3634826E-17   2.0121698E-17      0
  5.234190758297244E+03   5.9625111E-16   4.6128061E-17     16
  5.236933849264353E+03  -6.9932522E-17   2.0973509E-17  16400
  5.239676911102866E+03   8.0589454E-17   2.1311230E-17      0
  5.242419943749822E+03   2.9061533E-18   1.9695721E-17      0
  5.245162947142260E+03  -5.3830287E-17   2.5583777E-17  16400
  5.247905921217228E+03   3.7146544E-17   2.0484062E-17      0
  5.250648865911783E+03  -1.5159676E-17   2.0888502E-17      0
  5.253391781162986E+03   4.1346878E-17   1.9925117E-17      0
  5.256134666907905E+03  -6.2824243E-18   2.0104405E-17      0
  5.258877523083617E+03   5.3455971E-17   2.0245472E-17      0
  5.261620349627204E+03  -1.9483005E-17   1.9034806E-17      0
  5.264363146475755E+03   5.7202564E-17   2.0092912E-17      0
  5.267105913566366E+03  -3.6860541E-17   1.9218910E-17  16384
  5.269848650836140E+03  -2.1708649E-17   2.0648891E-17      0
  5.272591358222187E+03  -3.0171906E-17   2.0950232E-17  16384
  5.275334035661625E+03   9.8731391E-17   2.6799954E-17     16
  5.278076683091575E+03  -1.4003106E-17   2.0575947E-17      0
  5.280819300449171E+03  -3.1718158E-17   2.0523423E-17  16400
  5.283561887671548E+03   7.5227684E-18   2.6090780E-17     16
  5.286304444695852E+03   3.8063397E-17   2.3578934E-17     16
  5.289046971459234E+03  -2.9917492E-17   1.9357098E-17  16384
  5.291789467898852E+03   4.5896573E-17   2.1819306E-17      0
  5.294531933951872E+03   2.0658705E-16   2.4496204E-17     16
  5.297274369555466E+03  -5.2154408E-18   2.0436749E-17      0
  5.300016774646816E+03  -3.5739255E-17   2.0424137E-17  16384
  5.302759149163106E+03  -4.1474042E-17   2.0807986E-17  16400
  5.305501493041531E+03   6.2469255E-18   2.1458375E-17     16
  5.308243806219290E+03   4.8603922E-17   2.0642075E-17      0
  5.310986088633594E+03   1.5985128E-17   2.0048325E-17      0
  5.313728340221654E+03   6.1088343E-18   2.0131194E-17     16
  5.316470560920696E+03  -8.4215060E-17   2.1479864E-17  16400
  5.319212750667946E+03  -3.9014457E-17   2.0556853E-17  16400
  5.321954909400643E+03   7.4818658E-17   2.2003729E-17      0
  5.324697037056028E+03   1.2206794E-17   2.0722474E-17      0
  5.327439133571354E+03   2.2715160E-16   2.4395130E-17     16
  5.330181198883877E+03   1.2894713E-17   2.3102956E-17      0
  5.332923232930863E+03   2.7788074E-17   2.1203205E-17      0
  5.335665235649584E+03  -8.9596862E-18   2.0381846E-17      0
  5.338407206977319E+03   3.9027639E-17   2.0607987E-17      0
  5.341149146851357E+03   2.4671545E-17   2.1251486E-17     16
  5.343891055208989E+03  -2.6959007E-17   2.0219482E-17      0
  5.346632931987518E+03   7.0313859E-17   2.2782003E-17      0
  5.349374777124252E+03   1.8329309E-16   3.0980627E-17     16
  5.352116590556508E+03   2.8157582E-17   2.0779576E-17      0
  5.354858372221605E+03   6.4810715E-16   5.5986423E-17     16
  5.357600122056880E+03  -3.8838687E-17   2.7631317E-17  16400
  5.360341839999664E+03   8.4226145E-16   8.9069994E-17     16
  5.363083525987309E+03   8.0653088E-18   2.0704815E-17      0
  5.365825179957163E+03  -2.2501253E-17   2.1157260E-17      0
  5.368566801846587E+03  -1.9206603E-17   2.3450018E-17     16
  5.371308391592947E+03  -3.5338086E-17   2.1436048E-17  16384
  5.374049949133621E+03  -3.1004797E-17   2.0864605E-17  16384
  5.376791474405989E+03  -1.9861566E-17   1.9854611E-17      0
  5.379532967347440E+03   4.5678710E-17   2.0824561E-17      0
  5.382274427895372E+03  -2.5185168E-18   2.1010558E-17      0
  5.385015855987190E+03   2.2350611E-16   3.0059697E-17     16
  5.387757251560305E+03   5.9554410E-17   2.1216175E-17      0
  5.390498614552137E+03  -2.1476769E-17   4.7934991E-17     16
  5.393239944900113E+03  -2.0272127E-17   2.6303632E-17      0
  5.395981242541668E+03  -1.4594962E-17   2.0886322E-17      0
  5.398722507414242E+03  -1.2153470E-16   7.8923036E-17  16400
  5.401463739455286E+03   9.7846990E-17   2.8943023E-17      0
  5.404204938602257E+03  -6.6163547E-18   3.1017324E-17      0
  5.406946104792621E+03   5.3852972E-17   3.3663554E-17     16
  5.409687237963848E+03   1.4164629E-17   2.2926666E-17     16
  5.412428338053421E+03   3.6519518E-17   2.1483748E-17      0
  5.415169404998824E+03  -2.1524766E-18   2.0715254E-17      0
  5.417910438737554E+03   1.9435080E-18   2.3625416E-17      0
  5.420651439207113E+03   1.3667079E-17   2.1714677E-17      0
  5.423392406345012E+03   2.0608192E-17   2.2449048E-17      0
  5.426133340088770E+03  -2.4721461E-17   2.0523315E-17      0
  5.428874240375912E+03   2.6458719E-17   2.0710281E-17      0
  5.431615107143970E+03  -3.2403285E-17   2.0900988E-17  16384
  5.434355940330488E+03   1.0469381E-17   2.1517443E-17      0
  5.437096739873013E+03   4.6474673E-17   2.1773923E-17      0
  5.439837505709103E+03   7.3785047E-17   2.2403072E-17      0
  5.442578237776322E+03  -1.6656774E-18   2.1261197E-17   1024
  5.445318936012241E+03   1.4047450E-16   2.4414423E-17   1024
  5.448059600354442E+03  -1.6295949E-17   2.2024437E-17   1024
  5.450800230740512E+03  -1.0773053E-17   2.5475512E-17   1040
  5.453540827108047E+03  -6.3771520E-19   2.0943576E-17   1024
  5.456281389394650E+03   1.7578554E-16   3.0680215E-17   1040
  5.459021917537931E+03   1.6627087E-16   4.4949243E-17   1040
  5.461762411475512E+03  -9.9497875E-18   2.8054929E-17   1024
  5.464502871145016E+03   7.4540593E-17   2.2177132E-17   1024
  5.467243296484082E+03  -3.6266576E-17   2.1463886E-17  17408
  5.469983687430351E+03  -1.0034038E-16   2.3014231E-17  17424
  5.472724043921473E+03   5.6665492E-17   2.3880785E-17   1024
  5.475464365895108E+03  -8.7859829E-17   3.2040437E-17  17424
  5.478204653288922E+03  -3.2169143E-17   2.9876804E-17  17664
  5.480944906040589E+03   5.5343998E-17   2.7900518E-17   1024
  5.483685124087791E+03  -9.8103151E-17   2.3733751E-17  17424
  5.486425307368221E+03   1.4026748E-17   2.1317674E-17   1024
  5.489165455819574E+03   1.6161157E-17   2.0942147E-17   1024
  5.491905569379559E+03   1.1937666E-17   2.3049575E-17   1024
  5.494645647985890E+03   4.6498410E-17   2.3553776E-17   1024
  5.497385691576289E+03  -1.6705692E-17   2.2302877E-17   1024
  5.500125700088485E+03   3.3404541E-17   2.2306700E-17   1024
  5.502865673460218E+03   5.8070124E-17   2.5558380E-17   1024
  5.505605611629235E+03   2.6285219E-17   2.2658193E-17   1024
  5.508345514533290E+03   5.6199590E-17   2.3885648E-17   1024
  5.511085382110146E+03   1.2894809E-16   2.8831337E-17   1024
  5.513825214297576E+03  -6.7002283E-18   2.5676499E-17   1024
  5.516565011033355E+03   8.2024818E-17   2.5848815E-17   1040
  5.519304772255274E+03   4.2894883E-17   2.1766616E-17   1024
  5.522044497901126E+03   1.9351307E-16   2.3542900E-17   1024
  5.524784187908715E+03  -5.4804133E-17   2.3594827E-17  17424
  5.527523842215853E+03  -7.3516749E-17   2.3276758E-17  16384
  5.530263460760360E+03  -2.8231905E-16   2.8714063E-17  16400
  5.533003043480063E+03  -1.0944173E-16   3.4802757E-17  16400
  5.535742590312800E+03  -3.7790607E-17   2.5335591E-17  16400
  5.538482101196414E+03  -1.6173319E-16   4.1663496E-17  16400
  5.541221576068760E+03  -2.0224614E-17   2.2168515E-17      0
  5.543961014867695E+03   1.9903483E-17   2.3343108E-17      0
  5.546700417531092E+03   4.0733685E-17   2.2735863E-17      0
  5.549439783996829E+03   4.7198486E-17   2.1681607E-17      0
  5.552179114202790E+03  -6.5504036E-18   2.1697467E-17      0
  5.554918408086868E+03   1.5209611E-17   2.1493453E-17     16
  5.557657665586969E+03   3.5437257E-16   3.4103724E-17     16
  5.560396886641002E+03  -4.4849712E-18   2.4493614E-17     16
  5.563136071186885E+03   6.5394821E-17   3.6346184E-17     16
  5.565875219162549E+03   7.1749223E-17   2.3416464E-17      0
  5.568614330505928E+03  -4.8258259E-18   2.1228201E-17      0
  5.571353405154965E+03   1.1072914E-16   2.6081038E-17     16
  5.574092443047616E+03  -3.0781053E-16   2.6156639E-17  16400
  5.576831444121840E+03   7.8881770E-17   2.2663262E-17      0
  5.579570408315607E+03   5.7977718E-17   2.2650263E-17      0
  5.582309335566896E+03  -2.0875658E-17   2.3002559E-17     16
  5.585048225813694E+03   4.7394210E-17   2.2522209E-17      0
  5.587787078993994E+03  -4.5926308E-17   2.2196358E-17  16384
  5.590525895045801E+03  -2.0324398E-18   2.1728327E-17      0
  5.593264673907128E+03   9.4785907E-18   2.3161491E-17     16
  5.596003415515995E+03  -5.0793912E-17   2.2517028E-17  16384
  5.598742119810428E+03  -4.8994242E-17   3.8896312E-17  16400
  5.601480786728471E+03   4.7842962E-17   2.3611958E-17      0
  5.604219416208164E+03   2.1380978E-17   2.2119496E-17      0
  5.606958008187567E+03  -4.4505401E-17   2.0740737E-17  16384
  5.609696562604739E+03  -1.2506705E-16   3.1430732E-17  16400
  5.612435079397756E+03   1.6794822E-16   2.5599842E-17      0
  5.615173558504693E+03  -4.6390879E-19   2.6338408E-17     16
  5.617911999863645E+03   2.3553333E-18   3.2797208E-17     16
  5.620650403412708E+03  -7.0165615E-17   2.2705257E-17  16400
  5.623388769089989E+03  -3.9419825E-17   2.4153356E-17  16400
  5.626127096833603E+03   6.3273666E-17   2.3078025E-17      0
  5.628865386581671E+03  -3.7159174E-18   2.6134796E-17      0
  5.631603638272330E+03  -2.6866227E-17   3.2584759E-17     16
  5.634341851843720E+03   6.8645244E-17   2.4796016E-17      0
  5.637080027233988E+03  -2.6405761E-17   2.2269209E-17      0
  5.639818164381297E+03   3.7856993E-17   2.4725560E-17     16
  5.642556263223813E+03  -1.4013619E-16   3.0749331E-17  16400
  5.645294323699712E+03  -2.8623779E-16   5.4209559E-17  16400
  5.648032345747179E+03   2.9085282E-17   2.2401772E-17      0
  5.650770329304407E+03  -2.2654616E-17   2.1282522E-17      0
  5.653508274309600E+03   3.8610429E-18   2.2660843E-17      0
  5.656246180700969E+03   1.1360901E-16   2.3976938E-17     16
  5.658984048416733E+03  -3.8996197E-18   2.2217373E-17      0
  5.661721877395125E+03   3.9472947E-18   2.1994541E-17      0
  5.664459667574380E+03   5.8205012E-16   9.2327498E-17     16
  5.667197418892744E+03  -2.7823372E-18   2.2517044E-17      0
  5.669935131288476E+03  -1.6084100E-17   2.2820355E-17      0
  5.672672804699837E+03   4.4425263E-16   3.3143787E-17     16
  5.675410439065102E+03  -1.8443623E-17   2.1454297E-17      0
  5.678148034322554E+03  -1.0302190E-17   2.2753073E-17      0
  5.680885590410485E+03  -2.5014837E-17   2.2049537E-17      0
  5.683623107267194E+03   6.1235830E-17   2.2405267E-17      0
  5.686360584830989E+03   3.6811531E-18   2.2231655E-17      0
  5.689098023040191E+03  -5.7589916E-17   2.1166422E-17  16384
  5.691835421833127E+03  -8.6306114E-18   2.2657824E-17      0
  5.694572781148133E+03  -7.1825176E-18   2.2329848E-17      0
  5.697310100923552E+03   8.2217868E-17   2.3896998E-17      0
  5.700047381097742E+03  -5.5127588E-17   2.3760201E-17      0
  5.702784621609064E+03  -5.7828964E-17   2.2589801E-17      0
  5.705521822395892E+03  -5.3288752E-17   2.7636769E-17    528
